  0.104606E-04  0.199302E+08  0.199302E+08  0.265597E+08  0.265593E+08  0.199326E+08  0.199302E+08  0.525990E+00  0.199302E+08
  0.127221E-04  0.199302E+08  0.199302E+08  0.265531E+08  0.265525E+08  0.199326E+08  0.199302E+08  0.525990E+00  0.199302E+08
  0.154724E-04  0.199301E+08  0.199301E+08  0.265432E+08  0.265424E+08  0.199326E+08  0.199301E+08  0.525990E+00  0.199302E+08
  0.188174E-04  0.199301E+08  0.199301E+08  0.265287E+08  0.265275E+08  0.199325E+08  0.199301E+08  0.525990E+00  0.199301E+08
  0.228855E-04  0.199301E+08  0.199301E+08  0.265072E+08  0.265054E+08  0.199324E+08  0.199301E+08  0.525990E+00  0.199301E+08
  0.278330E-04  0.199300E+08  0.199300E+08  0.264754E+08  0.264728E+08  0.199322E+08  0.199300E+08  0.525990E+00  0.199300E+08
  0.338502E-04  0.199299E+08  0.199299E+08  0.264285E+08  0.264246E+08  0.199320E+08  0.199299E+08  0.525989E+00  0.199299E+08
  0.411681E-04  0.199298E+08  0.199298E+08  0.263592E+08  0.263535E+08  0.199316E+08  0.199298E+08  0.525989E+00  0.199298E+08
  0.500681E-04  0.199296E+08  0.199296E+08  0.262570E+08  0.262486E+08  0.199311E+08  0.199296E+08  0.525988E+00  0.199296E+08
  0.608922E-04  0.199293E+08  0.199293E+08  0.261066E+08  0.260942E+08  0.199304E+08  0.199293E+08  0.525986E+00  0.199293E+08
  0.740563E-04  0.199289E+08  0.199289E+08  0.258855E+08  0.258673E+08  0.199292E+08  0.199289E+08  0.525984E+00  0.199289E+08
  0.900664E-04  0.199283E+08  0.199283E+08  0.255617E+08  0.255349E+08  0.199276E+08  0.199283E+08  0.525981E+00  0.199283E+08
  0.109538E-03  0.199274E+08  0.199273E+08  0.250896E+08  0.250506E+08  0.199251E+08  0.199274E+08  0.525977E+00  0.199274E+08
  0.133218E-03  0.199261E+08  0.199260E+08  0.244060E+08  0.243495E+08  0.199215E+08  0.199261E+08  0.525970E+00  0.199260E+08
  0.162018E-03  0.199241E+08  0.199240E+08  0.234264E+08  0.233453E+08  0.199162E+08  0.199241E+08  0.525961E+00  0.199240E+08
  0.197044E-03  0.199212E+08  0.199210E+08  0.220438E+08  0.219295E+08  0.199083E+08  0.199212E+08  0.525948E+00  0.199211E+08
  0.239643E-03  0.199169E+08  0.199166E+08  0.201370E+08  0.199794E+08  0.198967E+08  0.199169E+08  0.525929E+00  0.199168E+08
  0.291451E-03  0.199107E+08  0.199103E+08  0.175965E+08  0.173866E+08  0.198796E+08  0.199107E+08  0.525902E+00  0.199105E+08
  0.354459E-03  0.199017E+08  0.199011E+08  0.143847E+08  0.141197E+08  0.198547E+08  0.199017E+08  0.525868E+00  0.199014E+08
  0.431088E-03  0.198886E+08  0.198878E+08  0.106392E+08  0.103308E+08  0.198182E+08  0.198886E+08  0.525823E+00  0.198882E+08
  0.524284E-03  0.198700E+08  0.198688E+08  0.679203E+07  0.647685E+07  0.197653E+08  0.198700E+08  0.525770E+00  0.198694E+08
  0.637627E-03  0.198437E+08  0.198421E+08  0.357821E+07  0.331878E+07  0.196891E+08  0.198437E+08  0.525713E+00  0.198428E+08
  0.775474E-03  0.198070E+08  0.198049E+08  0.169234E+07  0.154956E+07  0.195805E+08  0.198070E+08  0.525660E+00  0.198058E+08
  0.943121E-03  0.197568E+08  0.197542E+08  0.106737E+07  0.104082E+07  0.194274E+08  0.197568E+08  0.525616E+00  0.197550E+08
  0.114701E-02  0.196889E+08  0.196858E+08  0.724159E+06  0.733457E+06  0.192149E+08  0.196889E+08  0.525580E+00  0.196864E+08
  0.139498E-02  0.195982E+08  0.195948E+08  0.260325E+06  0.257265E+06  0.189263E+08  0.195982E+08  0.525545E+00  0.195948E+08
  0.169656E-02  0.194784E+08  0.194749E+08  0.152254E+06  0.000000E+00  0.185467E+08  0.194784E+08  0.525510E+00  0.194739E+08
  0.206333E-02  0.193220E+08  0.193184E+08  0.323098E+04  0.000000E+00  0.180642E+08  0.193220E+08  0.525472E+00  0.193161E+08
  0.250940E-02  0.191203E+08  0.191167E+08  0.870784E+04  0.000000E+00  0.174734E+08  0.191203E+08  0.525430E+00  0.191127E+08
  0.305190E-02  0.188639E+08  0.188600E+08  0.255113E+04  0.000000E+00  0.167737E+08  0.188639E+08  0.525385E+00  0.188544E+08
  0.371168E-02  0.185429E+08  0.185385E+08 -0.156874E+05  0.000000E+00  0.159623E+08  0.185429E+08  0.525336E+00  0.185313E+08
  0.451409E-02  0.181471E+08  0.181421E+08 -0.136076E+05  0.000000E+00  0.150315E+08  0.181471E+08  0.525282E+00  0.181331E+08
  0.548998E-02  0.176662E+08  0.176602E+08 -0.117488E+05  0.000000E+00  0.139804E+08  0.176662E+08  0.525224E+00  0.176496E+08
  0.667685E-02  0.170898E+08  0.170825E+08 -0.103423E+05  0.000000E+00  0.127655E+08  0.170898E+08  0.525156E+00  0.170704E+08
  0.812029E-02  0.164062E+08  0.163970E+08 -0.611594E+04  0.000000E+00  0.114537E+08  0.164062E+08  0.525082E+00  0.163838E+08
  0.987580E-02  0.156068E+08  0.155949E+08  0.190185E+04  0.000000E+00  0.100760E+08  0.156068E+08  0.525006E+00  0.155816E+08
  0.120108E-01  0.146782E+08  0.146625E+08 -0.205456E+04  0.000000E+00  0.864411E+07  0.146782E+08  0.524924E+00  0.146502E+08
  0.146074E-01  0.136183E+08  0.135976E+08  0.378422E+03  0.000000E+00  0.721405E+07  0.136183E+08  0.524842E+00  0.135879E+08
  0.177653E-01  0.124271E+08  0.124002E+08 -0.113722E+04  0.000000E+00  0.582872E+07  0.124271E+08  0.524760E+00  0.123949E+08
  0.216060E-01  0.110969E+08  0.110628E+08 -0.909213E+02  0.000000E+00  0.453329E+07  0.110969E+08  0.524680E+00  0.110638E+08
  0.259272E-01  0.974944E+07  0.970868E+07  0.342319E+02  0.000000E+00  0.344901E+07  0.974944E+07  0.524609E+00  0.971639E+07
  0.302484E-01  0.859113E+07  0.854598E+07 -0.704138E+02  0.000000E+00  0.266011E+07  0.859113E+07  0.524554E+00  0.855896E+07
  0.345696E-01  0.760051E+07  0.755371E+07 -0.245675E+02  0.000000E+00  0.207884E+07  0.760051E+07  0.524509E+00  0.756981E+07
  0.388907E-01  0.678241E+07  0.673668E+07 -0.146485E+02  0.000000E+00  0.165194E+07  0.678241E+07  0.524473E+00  0.675354E+07
  0.432119E-01  0.612071E+07  0.607840E+07 -0.169548E+02  0.000000E+00  0.133697E+07  0.612071E+07  0.524443E+00  0.609384E+07
  0.475331E-01  0.559232E+07  0.555506E+07  0.000000E+00  0.000000E+00  0.110240E+07  0.559232E+07  0.524418E+00  0.556749E+07
  0.518543E-01  0.517686E+07  0.514547E+07  0.000000E+00  0.000000E+00  0.926130E+06  0.517686E+07  0.524396E+00  0.515396E+07
  0.561755E-01  0.483913E+07  0.481358E+07  0.000000E+00  0.000000E+00  0.789591E+06  0.483913E+07  0.524378E+00  0.481800E+07
  0.604967E-01  0.455294E+07  0.453249E+07  0.000000E+00  0.000000E+00  0.680620E+06  0.455294E+07  0.524362E+00  0.453335E+07
  0.648179E-01  0.429757E+07  0.428101E+07  0.000000E+00  0.000000E+00  0.590962E+06  0.429757E+07  0.524349E+00  0.427929E+07
  0.691391E-01  0.405626E+07  0.404214E+07  0.000000E+00  0.000000E+00  0.514969E+06  0.405626E+07  0.524337E+00  0.403906E+07
  0.734603E-01  0.381897E+07  0.380590E+07  0.000000E+00  0.000000E+00  0.449111E+06  0.381897E+07  0.524326E+00  0.380266E+07
  0.777815E-01  0.358810E+07  0.357494E+07  0.000000E+00  0.000000E+00  0.392055E+06  0.358810E+07  0.524317E+00  0.357252E+07
  0.821027E-01  0.335657E+07  0.334256E+07  0.000000E+00  0.000000E+00  0.385948E+06  0.335657E+07  0.524324E+00  0.334181E+07
  0.864239E-01  0.313410E+07  0.311893E+07  0.000000E+00  0.000000E+00  0.338187E+06  0.313410E+07  0.524316E+00  0.311990E+07
  0.907451E-01  0.292602E+07  0.290981E+07  0.000000E+00  0.000000E+00  0.296952E+06  0.292602E+07  0.524309E+00  0.291236E+07
  0.971971E-01  0.265231E+07  0.263541E+07  0.000000E+00  0.000000E+00  0.246557E+06  0.265231E+07  0.524300E+00  0.263948E+07
  0.103649E+00  0.243374E+07  0.241759E+07  0.000000E+00  0.000000E+00  0.208103E+06  0.243374E+07  0.524292E+00  0.242180E+07
  0.110101E+00  0.227070E+07  0.225653E+07  0.000000E+00  0.000000E+00  0.179282E+06  0.227070E+07  0.524284E+00  0.225963E+07
  0.116553E+00  0.214723E+07  0.213563E+07  0.000000E+00  0.000000E+00  0.157084E+06  0.214723E+07  0.524278E+00  0.213699E+07
  0.123005E+00  0.204237E+07  0.203315E+07  0.000000E+00  0.000000E+00  0.138871E+06  0.204237E+07  0.524272E+00  0.203288E+07
  0.129457E+00  0.194107E+07  0.193345E+07  0.000000E+00  0.000000E+00  0.123015E+06  0.194107E+07  0.524267E+00  0.193218E+07
  0.135909E+00  0.183475E+07  0.182775E+07  0.000000E+00  0.000000E+00  0.108653E+06  0.183475E+07  0.524263E+00  0.182635E+07
  0.142361E+00  0.172123E+07  0.171403E+07  0.000000E+00  0.000000E+00  0.954717E+05  0.172123E+07  0.524259E+00  0.171322E+07
  0.148813E+00  0.160611E+07  0.159832E+07  0.000000E+00  0.000000E+00  0.836256E+05  0.160611E+07  0.524255E+00  0.159845E+07
  0.155266E+00  0.149874E+07  0.149041E+07  0.000000E+00  0.000000E+00  0.734048E+05  0.149874E+07  0.524252E+00  0.149141E+07
  0.161718E+00  0.140616E+07  0.139768E+07  0.000000E+00  0.000000E+00  0.649129E+05  0.140616E+07  0.524249E+00  0.139916E+07
  0.168170E+00  0.133076E+07  0.132266E+07  0.000000E+00  0.000000E+00  0.580118E+05  0.133076E+07  0.524246E+00  0.132410E+07
  0.174622E+00  0.127113E+07  0.126383E+07  0.000000E+00  0.000000E+00  0.524206E+05  0.127113E+07  0.524244E+00  0.126483E+07
  0.181074E+00  0.122278E+07  0.121645E+07  0.000000E+00  0.000000E+00  0.477823E+05  0.122278E+07  0.524242E+00  0.121682E+07
  0.187526E+00  0.117933E+07  0.117387E+07  0.000000E+00  0.000000E+00  0.437341E+05  0.117933E+07  0.524239E+00  0.117367E+07
  0.193978E+00  0.113521E+07  0.113033E+07  0.000000E+00  0.000000E+00  0.400064E+05  0.113521E+07  0.524238E+00  0.112981E+07
  0.200430E+00  0.108776E+07  0.108311E+07  0.000000E+00  0.000000E+00  0.364774E+05  0.108776E+07  0.524236E+00  0.108259E+07
  0.206882E+00  0.103749E+07  0.103280E+07  0.000000E+00  0.000000E+00  0.331471E+05  0.103749E+07  0.524234E+00  0.103251E+07
  0.213334E+00  0.986928E+06  0.982064E+06  0.000000E+00  0.000000E+00  0.300770E+05  0.986928E+06  0.524233E+00  0.982117E+06
  0.219786E+00  0.939200E+06  0.934190E+06  0.000000E+00  0.000000E+00  0.273334E+05  0.939200E+06  0.524231E+00  0.934557E+06
  0.226238E+00  0.896760E+06  0.891750E+06  0.000000E+00  0.000000E+00  0.249507E+05  0.896760E+06  0.524230E+00  0.892286E+06
  0.232690E+00  0.860695E+06  0.855866E+06  0.000000E+00  0.000000E+00  0.229189E+05  0.860695E+06  0.524229E+00  0.856394E+06
  0.239142E+00  0.830493E+06  0.825990E+06  0.000000E+00  0.000000E+00  0.211866E+05  0.830493E+06  0.524227E+00  0.826364E+06
  0.245594E+00  0.804305E+06  0.800188E+06  0.000000E+00  0.000000E+00  0.196765E+05  0.804305E+06  0.524226E+00  0.800340E+06
  0.252046E+00  0.779886E+06  0.776124E+06  0.000000E+00  0.000000E+00  0.183126E+05  0.779886E+06  0.524225E+00  0.776075E+06
  0.258498E+00  0.755546E+06  0.752039E+06  0.000000E+00  0.000000E+00  0.170427E+05  0.755546E+06  0.524224E+00  0.751872E+06
  0.264950E+00  0.730386E+06  0.727014E+06  0.000000E+00  0.000000E+00  0.158393E+05  0.730386E+06  0.524224E+00  0.726834E+06
  0.271402E+00  0.704339E+06  0.701000E+06  0.000000E+00  0.000000E+00  0.146962E+05  0.704339E+06  0.524223E+00  0.700898E+06
  0.277854E+00  0.678229E+06  0.674874E+06  0.000000E+00  0.000000E+00  0.136259E+05  0.678229E+06  0.524222E+00  0.674892E+06
  0.284306E+00  0.653303E+06  0.649935E+06  0.000000E+00  0.000000E+00  0.126468E+05  0.653303E+06  0.524221E+00  0.650065E+06
  0.290758E+00  0.630467E+06  0.627131E+06  0.000000E+00  0.000000E+00  0.117684E+05  0.630467E+06  0.524221E+00  0.627326E+06
  0.297210E+00  0.610058E+06  0.606816E+06  0.000000E+00  0.000000E+00  0.109879E+05  0.610058E+06  0.524220E+00  0.607016E+06
  0.303663E+00  0.591945E+06  0.588848E+06  0.000000E+00  0.000000E+00  0.102944E+05  0.591945E+06  0.524219E+00  0.588999E+06
  0.310115E+00  0.575564E+06  0.572636E+06  0.000000E+00  0.000000E+00  0.967084E+04  0.575564E+06  0.524219E+00  0.572711E+06
  0.316567E+00  0.560128E+06  0.557360E+06  0.000000E+00  0.000000E+00  0.909852E+04  0.560128E+06  0.524218E+00  0.557363E+06
  0.323019E+00  0.544988E+06  0.542348E+06  0.000000E+00  0.000000E+00  0.856309E+04  0.544988E+06  0.524218E+00  0.542305E+06
  0.329471E+00  0.529798E+06  0.527244E+06  0.000000E+00  0.000000E+00  0.805660E+04  0.529798E+06  0.524217E+00  0.527190E+06
  0.335923E+00  0.514519E+06  0.512013E+06  0.000000E+00  0.000000E+00  0.757652E+04  0.514519E+06  0.524217E+00  0.511981E+06
  0.342375E+00  0.499381E+06  0.496903E+06  0.000000E+00  0.000000E+00  0.712446E+04  0.499381E+06  0.524216E+00  0.496910E+06
  0.348827E+00  0.484756E+06  0.482301E+06  0.000000E+00  0.000000E+00  0.670366E+04  0.484756E+06  0.524216E+00  0.482348E+06
  0.355279E+00  0.470968E+06  0.468551E+06  0.000000E+00  0.000000E+00  0.631632E+04  0.470968E+06  0.524215E+00  0.468624E+06
  0.361731E+00  0.458198E+06  0.455837E+06  0.000000E+00  0.000000E+00  0.596234E+04  0.458198E+06  0.524215E+00  0.455914E+06
  0.368183E+00  0.446425E+06  0.444138E+06  0.000000E+00  0.000000E+00  0.563905E+04  0.446425E+06  0.524215E+00  0.444202E+06
  0.374635E+00  0.435455E+06  0.433251E+06  0.000000E+00  0.000000E+00  0.534182E+04  0.435455E+06  0.524214E+00  0.433290E+06
  0.381087E+00  0.425023E+06  0.422900E+06  0.000000E+00  0.000000E+00  0.506563E+04  0.425023E+06  0.524214E+00  0.422913E+06
  0.387539E+00  0.414899E+06  0.412847E+06  0.000000E+00  0.000000E+00  0.480638E+04  0.414899E+06  0.524213E+00  0.412842E+06
  0.393991E+00  0.404932E+06  0.402937E+06  0.000000E+00  0.000000E+00  0.456128E+04  0.404932E+06  0.524213E+00  0.402925E+06
  0.400443E+00  0.395083E+06  0.393130E+06  0.000000E+00  0.000000E+00  0.432904E+04  0.395083E+06  0.524213E+00  0.393124E+06
  0.406895E+00  0.385409E+06  0.383490E+06  0.000000E+00  0.000000E+00  0.410947E+04  0.385409E+06  0.524213E+00  0.383496E+06
  0.413347E+00  0.376018E+06  0.374129E+06  0.000000E+00  0.000000E+00  0.390296E+04  0.376018E+06  0.524212E+00  0.374148E+06
  0.419799E+00  0.367014E+06  0.365158E+06  0.000000E+00  0.000000E+00  0.370977E+04  0.367014E+06  0.524212E+00  0.365186E+06
  0.426251E+00  0.358468E+06  0.356649E+06  0.000000E+00  0.000000E+00  0.352978E+04  0.358468E+06  0.524212E+00  0.356681E+06
  0.432703E+00  0.350387E+06  0.348612E+06  0.000000E+00  0.000000E+00  0.336224E+04  0.350387E+06  0.524211E+00  0.348640E+06
  0.439155E+00  0.342714E+06  0.340986E+06  0.000000E+00  0.000000E+00  0.320583E+04  0.342714E+06  0.524211E+00  0.341006E+06
  0.445608E+00  0.335363E+06  0.333682E+06  0.000000E+00  0.000000E+00  0.305909E+04  0.335363E+06  0.524211E+00  0.333693E+06
  0.452060E+00  0.328250E+06  0.326612E+06  0.000000E+00  0.000000E+00  0.292071E+04  0.328250E+06  0.524211E+00  0.326617E+06
  0.458512E+00  0.321309E+06  0.319710E+06  0.000000E+00  0.000000E+00  0.278962E+04  0.321309E+06  0.524211E+00  0.319711E+06
  0.464964E+00  0.314511E+06  0.312945E+06  0.000000E+00  0.000000E+00  0.266517E+04  0.314511E+06  0.524210E+00  0.312946E+06
  0.471416E+00  0.307867E+06  0.306330E+06  0.000000E+00  0.000000E+00  0.254710E+04  0.307867E+06  0.524210E+00  0.306334E+06
  0.477868E+00  0.301407E+06  0.299897E+06  0.000000E+00  0.000000E+00  0.243530E+04  0.301407E+06  0.524210E+00  0.299906E+06
  0.484320E+00  0.295157E+06  0.293673E+06  0.000000E+00  0.000000E+00  0.232965E+04  0.295157E+06  0.524210E+00  0.293685E+06
  0.490772E+00  0.289137E+06  0.287682E+06  0.000000E+00  0.000000E+00  0.222996E+04  0.289137E+06  0.524210E+00  0.287695E+06
  0.497224E+00  0.283359E+06  0.281933E+06  0.000000E+00  0.000000E+00  0.213600E+04  0.283359E+06  0.524209E+00  0.281946E+06
  0.503676E+00  0.277808E+06  0.276412E+06  0.000000E+00  0.000000E+00  0.204737E+04  0.277808E+06  0.524209E+00  0.276423E+06
  0.510128E+00  0.272452E+06  0.271085E+06  0.000000E+00  0.000000E+00  0.196352E+04  0.272452E+06  0.524209E+00  0.271093E+06
  0.516580E+00  0.267259E+06  0.265921E+06  0.000000E+00  0.000000E+00  0.188400E+04  0.267259E+06  0.524209E+00  0.265927E+06
  0.523032E+00  0.262208E+06  0.260897E+06  0.000000E+00  0.000000E+00  0.180842E+04  0.262208E+06  0.524209E+00  0.260901E+06
  0.620348E+00  0.200776E+06  0.199770E+06  0.000000E+00  0.000000E+00  0.102206E+04  0.200776E+06  0.524207E+00  0.199773E+06
  0.865765E+00  0.117937E+06  0.117346E+06  0.000000E+00  0.000000E+00  0.326573E+03  0.117937E+06  0.524205E+00  0.117347E+06
  0.120827E+01  0.683861E+05  0.680436E+05  0.000000E+00  0.000000E+00  0.101232E+03  0.683861E+05  0.524204E+00  0.680435E+05
  0.168628E+01  0.392187E+05  0.390221E+05  0.000000E+00  0.000000E+00  0.306210E+02  0.392187E+05  0.524203E+00  0.390221E+05
  0.235339E+01  0.222789E+05  0.221670E+05  0.000000E+00  0.000000E+00  0.908477E+01  0.222789E+05  0.524202E+00  0.221672E+05
  0.328442E+01  0.125526E+05  0.124894E+05  0.000000E+00  0.000000E+00  0.265525E+01  0.125526E+05  0.524201E+00  0.124896E+05
  0.458378E+01  0.702231E+04  0.698664E+04  0.000000E+00  0.000000E+00  0.767206E+00  0.702231E+04  0.524199E+00  0.698701E+04
  0.639719E+01  0.390409E+04  0.388397E+04  0.000000E+00  0.000000E+00  0.219723E+00  0.390409E+04  0.524196E+00  0.388442E+04
