    0.10000E-03    0.44386E+03
    0.10202E-03    0.45251E+03
    0.10408E-03    0.46133E+03
    0.10618E-03    0.47032E+03
    0.10833E-03    0.47948E+03
    0.11052E-03    0.48883E+03
    0.11275E-03    0.49835E+03
    0.11503E-03    0.50806E+03
    0.11735E-03    0.51796E+03
    0.11972E-03    0.52805E+03
    0.12214E-03    0.53834E+03
    0.12461E-03    0.54883E+03
    0.12712E-03    0.55952E+03
    0.12969E-03    0.57042E+03
    0.13231E-03    0.58154E+03
    0.13499E-03    0.59287E+03
    0.13771E-03    0.60441E+03
    0.14049E-03    0.61619E+03
    0.14333E-03    0.62819E+03
    0.14623E-03    0.64043E+03
    0.14918E-03    0.65290E+03
    0.15220E-03    0.66561E+03
    0.15527E-03    0.67858E+03
    0.15841E-03    0.69179E+03
    0.16161E-03    0.70526E+03
    0.16487E-03    0.71900E+03
    0.16820E-03    0.73300E+03
    0.17160E-03    0.74727E+03
    0.17507E-03    0.76182E+03
    0.17860E-03    0.77665E+03
    0.18221E-03    0.79177E+03
    0.18589E-03    0.80718E+03
    0.18965E-03    0.82289E+03
    0.19348E-03    0.83890E+03
    0.19739E-03    0.85523E+03
    0.20138E-03    0.87187E+03
    0.20544E-03    0.88884E+03
    0.20959E-03    0.90613E+03
    0.21383E-03    0.92376E+03
    0.21815E-03    0.94173E+03
    0.22255E-03    0.96005E+03
    0.22705E-03    0.97872E+03
    0.23164E-03    0.99776E+03
    0.23632E-03    0.10172E+04
    0.24109E-03    0.10369E+04
    0.24596E-03    0.10571E+04
    0.25093E-03    0.10776E+04
    0.25600E-03    0.10986E+04
    0.26117E-03    0.11199E+04
    0.26645E-03    0.11417E+04
    0.27183E-03    0.11639E+04
    0.27732E-03    0.11865E+04
    0.28292E-03    0.12096E+04
    0.28864E-03    0.12330E+04
    0.29447E-03    0.12570E+04
    0.30042E-03    0.12814E+04
    0.30649E-03    0.13063E+04
    0.31268E-03    0.13316E+04
    0.31899E-03    0.13575E+04
    0.32544E-03    0.13838E+04
    0.33201E-03    0.14106E+04
    0.33872E-03    0.14380E+04
    0.34556E-03    0.14659E+04
    0.35254E-03    0.14943E+04
    0.35966E-03    0.15233E+04
    0.36693E-03    0.15528E+04
    0.37434E-03    0.15829E+04
    0.38190E-03    0.16135E+04
    0.38962E-03    0.16448E+04
    0.39749E-03    0.16766E+04
    0.40552E-03    0.17091E+04
    0.41371E-03    0.17421E+04
    0.42207E-03    0.17758E+04
    0.43060E-03    0.18102E+04
    0.43929E-03    0.18451E+04
    0.44817E-03    0.18808E+04
    0.45722E-03    0.19171E+04
    0.46646E-03    0.19542E+04
    0.47588E-03    0.19919E+04
    0.48550E-03    0.20303E+04
    0.49530E-03    0.20695E+04
    0.50531E-03    0.21094E+04
    0.51552E-03    0.21500E+04
    0.52593E-03    0.21915E+04
    0.53656E-03    0.22337E+04
    0.54739E-03    0.22767E+04
    0.55845E-03    0.23205E+04
    0.56973E-03    0.23651E+04
    0.58124E-03    0.24106E+04
    0.59299E-03    0.24569E+04
    0.60496E-03    0.25041E+04
    0.61719E-03    0.25521E+04
    0.62965E-03    0.26011E+04
    0.64237E-03    0.26509E+04
    0.65535E-03    0.27017E+04
    0.66859E-03    0.27534E+04
    0.68210E-03    0.28061E+04
    0.69588E-03    0.28598E+04
    0.70993E-03    0.29144E+04
    0.72427E-03    0.29701E+04
    0.73891E-03    0.30268E+04
    0.75383E-03    0.30845E+04
    0.76906E-03    0.31433E+04
    0.78460E-03    0.32031E+04
    0.80045E-03    0.32641E+04
    0.81662E-03    0.33261E+04
    0.83311E-03    0.33893E+04
    0.84994E-03    0.34536E+04
    0.86711E-03    0.35191E+04
    0.88463E-03    0.35858E+04
    0.90250E-03    0.36537E+04
    0.92073E-03    0.37227E+04
    0.93933E-03    0.37931E+04
    0.95831E-03    0.38646E+04
    0.97767E-03    0.39375E+04
    0.99742E-03    0.40116E+04
    0.10176E-02    0.40871E+04
    0.10381E-02    0.41639E+04
    0.10591E-02    0.42420E+04
    0.10805E-02    0.43215E+04
    0.11023E-02    0.44024E+04
    0.11246E-02    0.44848E+04
    0.11473E-02    0.45685E+04
    0.11705E-02    0.46537E+04
    0.11941E-02    0.47404E+04
    0.12182E-02    0.48285E+04
    0.12429E-02    0.49182E+04
    0.12680E-02    0.50093E+04
    0.12936E-02    0.51021E+04
    0.13197E-02    0.51964E+04
    0.13464E-02    0.52922E+04
    0.13736E-02    0.53897E+04
    0.14013E-02    0.54888E+04
    0.14296E-02    0.55896E+04
    0.14585E-02    0.56920E+04
    0.14880E-02    0.57961E+04
    0.15180E-02    0.59019E+04
    0.15487E-02    0.60094E+04
    0.15800E-02    0.61187E+04
    0.16119E-02    0.62297E+04
    0.16445E-02    0.63425E+04
    0.16777E-02    0.64571E+04
    0.17116E-02    0.65734E+04
    0.17462E-02    0.66917E+04
    0.17814E-02    0.68117E+04
    0.18174E-02    0.69336E+04
    0.18541E-02    0.70574E+04
    0.18916E-02    0.71830E+04
    0.19298E-02    0.73106E+04
    0.19688E-02    0.74400E+04
    0.20086E-02    0.75714E+04
    0.20491E-02    0.77048E+04
    0.20905E-02    0.78401E+04
    0.21328E-02    0.79773E+04
    0.21758E-02    0.81165E+04
    0.22198E-02    0.82577E+04
    0.22646E-02    0.84009E+04
    0.23104E-02    0.85461E+04
    0.23571E-02    0.86933E+04
    0.24047E-02    0.88426E+04
    0.24533E-02    0.89938E+04
    0.25028E-02    0.91471E+04
    0.25534E-02    0.93023E+04
    0.26050E-02    0.94597E+04
    0.26576E-02    0.96190E+04
    0.27113E-02    0.97804E+04
    0.27660E-02    0.99438E+04
    0.28219E-02    0.10109E+05
    0.28789E-02    0.10277E+05
    0.29371E-02    0.10446E+05
    0.29964E-02    0.10618E+05
    0.30569E-02    0.10791E+05
    0.31187E-02    0.10967E+05
    0.31817E-02    0.11144E+05
    0.32460E-02    0.11323E+05
    0.33115E-02    0.11505E+05
    0.33784E-02    0.11688E+05
    0.34467E-02    0.11873E+05
    0.35163E-02    0.12060E+05
    0.35874E-02    0.12249E+05
    0.36598E-02    0.12440E+05
    0.37338E-02    0.12633E+05
    0.38092E-02    0.12827E+05
    0.38861E-02    0.13023E+05
    0.39646E-02    0.13221E+05
    0.40447E-02    0.13421E+05
    0.41264E-02    0.13622E+05
    0.42098E-02    0.13825E+05
    0.42948E-02    0.14030E+05
    0.43816E-02    0.14236E+05
    0.44701E-02    0.14443E+05
    0.45604E-02    0.14652E+05
    0.46525E-02    0.14862E+05
    0.47465E-02    0.15074E+05
    0.48424E-02    0.15286E+05
    0.49402E-02    0.15500E+05
    0.50400E-02    0.15715E+05
    0.51419E-02    0.15931E+05
    0.52457E-02    0.16148E+05
    0.53517E-02    0.16366E+05
    0.54598E-02    0.16585E+05
    0.55701E-02    0.16805E+05
    0.56826E-02    0.17025E+05
    0.57974E-02    0.17246E+05
    0.59145E-02    0.17467E+05
    0.60340E-02    0.17688E+05
    0.61559E-02    0.17910E+05
    0.62803E-02    0.18131E+05
    0.64072E-02    0.18353E+05
    0.65366E-02    0.18575E+05
    0.66686E-02    0.18796E+05
    0.68033E-02    0.19017E+05
    0.69408E-02    0.19237E+05
    0.70810E-02    0.19457E+05
    0.72240E-02    0.19676E+05
    0.73700E-02    0.19894E+05
    0.75189E-02    0.20111E+05
    0.76708E-02    0.20326E+05
    0.78257E-02    0.20540E+05
    0.79838E-02    0.20753E+05
    0.81451E-02    0.20964E+05
    0.83096E-02    0.21173E+05
    0.84775E-02    0.21380E+05
    0.86488E-02    0.21584E+05
    0.88235E-02    0.21786E+05
    0.90017E-02    0.21986E+05
    0.91836E-02    0.22182E+05
    0.93691E-02    0.22376E+05
    0.95583E-02    0.22566E+05
    0.97514E-02    0.22752E+05
    0.99484E-02    0.22935E+05
    0.10149E-01    0.23114E+05
    0.10354E-01    0.23289E+05
    0.10564E-01    0.23459E+05
    0.10777E-01    0.23625E+05
    0.10995E-01    0.23785E+05
    0.11217E-01    0.23941E+05
    0.11443E-01    0.24090E+05
    0.11675E-01    0.24235E+05
    0.11910E-01    0.24373E+05
    0.12151E-01    0.24505E+05
    0.12397E-01    0.24630E+05
    0.12647E-01    0.24748E+05
    0.12902E-01    0.24860E+05
    0.13163E-01    0.24965E+05
    0.13429E-01    0.25062E+05
    0.13700E-01    0.25151E+05
    0.13977E-01    0.25232E+05
    0.14259E-01    0.25304E+05
    0.14547E-01    0.25366E+05
    0.14841E-01    0.25418E+05
    0.15141E-01    0.25461E+05
    0.15447E-01    0.25495E+05
    0.15759E-01    0.25522E+05
    0.16077E-01    0.25543E+05
    0.16402E-01    0.25558E+05
    0.16734E-01    0.25565E+05
    0.17072E-01    0.25562E+05
    0.17416E-01    0.25547E+05
    0.17768E-01    0.25518E+05
    0.18127E-01    0.25474E+05
    0.18493E-01    0.25416E+05
    0.18867E-01    0.25344E+05
    0.19248E-01    0.25261E+05
    0.19637E-01    0.25166E+05
    0.20034E-01    0.25062E+05
    0.20438E-01    0.24946E+05
    0.20851E-01    0.24817E+05
    0.21272E-01    0.24674E+05
    0.21702E-01    0.24515E+05
    0.22141E-01    0.24342E+05
    0.22588E-01    0.24154E+05
    0.23044E-01    0.23953E+05
    0.23510E-01    0.23742E+05
    0.23985E-01    0.23520E+05
    0.24469E-01    0.23290E+05
    0.24964E-01    0.23051E+05
    0.25468E-01    0.22804E+05
    0.25982E-01    0.22548E+05
    0.26507E-01    0.22285E+05
    0.27043E-01    0.22012E+05
    0.27589E-01    0.21732E+05
    0.28146E-01    0.21443E+05
    0.28715E-01    0.21146E+05
    0.29295E-01    0.20840E+05
    0.29887E-01    0.20526E+05
    0.30490E-01    0.20205E+05
    0.31106E-01    0.19879E+05
    0.31735E-01    0.19547E+05
    0.32376E-01    0.19210E+05
    0.33030E-01    0.18871E+05
    0.33697E-01    0.18530E+05
    0.34378E-01    0.18188E+05
    0.35072E-01    0.17847E+05
    0.35781E-01    0.17508E+05
    0.36504E-01    0.17172E+05
    0.37241E-01    0.16839E+05
    0.37993E-01    0.16511E+05
    0.38761E-01    0.16188E+05
    0.39544E-01    0.15870E+05
    0.40343E-01    0.15559E+05
    0.41158E-01    0.15255E+05
    0.41989E-01    0.14958E+05
    0.42838E-01    0.14668E+05
    0.43703E-01    0.14387E+05
    0.44586E-01    0.14115E+05
    0.45486E-01    0.13852E+05
    0.46405E-01    0.13600E+05
    0.47343E-01    0.13360E+05
    0.48299E-01    0.13132E+05
    0.49275E-01    0.12915E+05
    0.50270E-01    0.12709E+05
    0.51286E-01    0.12513E+05
    0.52322E-01    0.12325E+05
    0.53379E-01    0.12145E+05
    0.54457E-01    0.11972E+05
    0.55557E-01    0.11805E+05
    0.56680E-01    0.11644E+05
    0.57825E-01    0.11487E+05
    0.58993E-01    0.11333E+05
    0.60184E-01    0.11182E+05
    0.61400E-01    0.11031E+05
    0.62641E-01    0.10880E+05
    0.63906E-01    0.10726E+05
    0.65197E-01    0.10569E+05
    0.66514E-01    0.10406E+05
    0.67858E-01    0.10235E+05
    0.69229E-01    0.10055E+05
    0.70627E-01    0.98637E+04
    0.72054E-01    0.96628E+04
    0.73510E-01    0.94541E+04
    0.74994E-01    0.92382E+04
    0.76509E-01    0.90131E+04
    0.78055E-01    0.87763E+04
    0.79632E-01    0.85271E+04
    0.81241E-01    0.82688E+04
    0.82882E-01    0.80051E+04
    0.84556E-01    0.77384E+04
    0.86264E-01    0.74707E+04
    0.88007E-01    0.72037E+04
    0.89785E-01    0.69397E+04
    0.91598E-01    0.66809E+04
    0.93449E-01    0.64299E+04
    0.95337E-01    0.61895E+04
    0.97263E-01    0.59621E+04
    0.99227E-01    0.57497E+04
    0.10123E+00    0.55542E+04
    0.10328E+00    0.53770E+04
    0.10536E+00    0.52192E+04
    0.10749E+00    0.50797E+04
    0.10966E+00    0.49570E+04
    0.11188E+00    0.48495E+04
    0.11414E+00    0.47539E+04
    0.11644E+00    0.46668E+04
    0.11880E+00    0.45848E+04
    0.12120E+00    0.45047E+04
    0.12365E+00    0.44235E+04
    0.12614E+00    0.43386E+04
    0.12869E+00    0.42473E+04
    0.13129E+00    0.41475E+04
    0.13394E+00    0.40375E+04
    0.13665E+00    0.39163E+04
    0.13941E+00    0.37839E+04
    0.14223E+00    0.36423E+04
    0.14510E+00    0.34938E+04
    0.14803E+00    0.33427E+04
    0.15102E+00    0.31931E+04
    0.15407E+00    0.30490E+04
    0.15718E+00    0.29140E+04
    0.16036E+00    0.27904E+04
    0.16360E+00    0.26800E+04
    0.16690E+00    0.25834E+04
    0.17028E+00    0.25004E+04
    0.17371E+00    0.24299E+04
    0.17722E+00    0.23699E+04
    0.18080E+00    0.23170E+04
    0.18446E+00    0.22674E+04
    0.18818E+00    0.22170E+04
    0.19198E+00    0.21622E+04
    0.19586E+00    0.21005E+04
    0.19982E+00    0.20309E+04
    0.20386E+00    0.19541E+04
    0.20797E+00    0.18722E+04
    0.21218E+00    0.17882E+04
    0.21646E+00    0.17054E+04
    0.22083E+00    0.16271E+04
    0.22530E+00    0.15560E+04
    0.22985E+00    0.14936E+04
    0.23449E+00    0.14402E+04
    0.23923E+00    0.13948E+04
    0.24406E+00    0.13549E+04
    0.24899E+00    0.13176E+04
    0.25402E+00    0.12801E+04
    0.25915E+00    0.12402E+04
    0.26439E+00    0.11967E+04
    0.26973E+00    0.11495E+04
    0.27518E+00    0.11000E+04
    0.28074E+00    0.10505E+04
    0.28641E+00    0.10037E+04
    0.29219E+00    0.96117E+03
    0.29810E+00    0.92351E+03
    0.30412E+00    0.89047E+03
    0.31026E+00    0.86074E+03
    0.31653E+00    0.83242E+03
    0.32292E+00    0.80380E+03
    0.32945E+00    0.77396E+03
    0.33610E+00    0.74279E+03
    0.34289E+00    0.71110E+03
    0.34982E+00    0.68022E+03
    0.35689E+00    0.65134E+03
    0.36409E+00    0.62511E+03
    0.37145E+00    0.60134E+03
    0.37895E+00    0.57917E+03
    0.38661E+00    0.55764E+03
    0.39442E+00    0.53602E+03
    0.40239E+00    0.51417E+03
    0.41052E+00    0.49246E+03
    0.41881E+00    0.47154E+03
    0.42727E+00    0.45193E+03
    0.43590E+00    0.43374E+03
    0.44471E+00    0.41663E+03
    0.45369E+00    0.40012E+03
    0.46286E+00    0.38389E+03
    0.47221E+00    0.36788E+03
    0.48174E+00    0.35233E+03
    0.49148E+00    0.33750E+03
    0.50141E+00    0.32350E+03
    0.51153E+00    0.31023E+03
    0.52187E+00    0.29744E+03
    0.53241E+00    0.28507E+03
    0.54317E+00    0.27314E+03
    0.55414E+00    0.26165E+03
    0.56533E+00    0.25058E+03
    0.57675E+00    0.23994E+03
    0.58840E+00    0.22972E+03
    0.60029E+00    0.21990E+03
    0.61242E+00    0.21047E+03
    0.62479E+00    0.20144E+03
    0.63741E+00    0.19277E+03
    0.65029E+00    0.18446E+03
    0.66342E+00    0.17650E+03
    0.67683E+00    0.16887E+03
    0.69050E+00    0.16156E+03
    0.70445E+00    0.15455E+03
    0.71868E+00    0.14783E+03
    0.73320E+00    0.14139E+03
    0.74801E+00    0.13522E+03
    0.76312E+00    0.12930E+03
    0.77854E+00    0.12364E+03
    0.79426E+00    0.11821E+03
    0.81031E+00    0.11300E+03
    0.82668E+00    0.10802E+03
    0.84338E+00    0.10324E+03
    0.86041E+00    0.98669E+02
    0.87780E+00    0.94288E+02
    0.89553E+00    0.90091E+02
    0.91362E+00    0.86072E+02
    0.93208E+00    0.82223E+02
    0.95091E+00    0.78538E+02
    0.97011E+00    0.75009E+02
    0.98971E+00    0.71631E+02
    0.10097E+01    0.68397E+02
    0.10301E+01    0.65302E+02
    0.10509E+01    0.62339E+02
    0.10721E+01    0.59504E+02
    0.10938E+01    0.56792E+02
    0.11159E+01    0.54196E+02
    0.11384E+01    0.51713E+02
    0.11614E+01    0.49338E+02
    0.11849E+01    0.47066E+02
    0.12088E+01    0.44894E+02
    0.12333E+01    0.42816E+02
    0.12582E+01    0.40829E+02
    0.12836E+01    0.38930E+02
    0.13095E+01    0.37114E+02
    0.13360E+01    0.35379E+02
    0.13630E+01    0.33720E+02
    0.13905E+01    0.32135E+02
    0.14186E+01    0.30620E+02
    0.14472E+01    0.29173E+02
    0.14765E+01    0.27791E+02
    0.15063E+01    0.26470E+02
    0.15367E+01    0.25209E+02
    0.15678E+01    0.24005E+02
    0.15994E+01    0.22855E+02
    0.16318E+01    0.21757E+02
    0.16647E+01    0.20709E+02
    0.16984E+01    0.19709E+02
    0.17327E+01    0.18754E+02
    0.17677E+01    0.17842E+02
    0.18034E+01    0.16971E+02
    0.18398E+01    0.16138E+02
    0.18770E+01    0.15342E+02
    0.19149E+01    0.14581E+02
    0.19536E+01    0.13853E+02
    0.19930E+01    0.13156E+02
    0.20333E+01    0.12490E+02
    0.20744E+01    0.11852E+02
    0.21163E+01    0.11241E+02
    0.21590E+01    0.10657E+02
    0.22026E+01    0.10098E+02
    0.22471E+01    0.95629E+01
    0.22925E+01    0.90508E+01
    0.23388E+01    0.85609E+01
    0.23861E+01    0.80924E+01
    0.24343E+01    0.76448E+01
    0.24835E+01    0.72181E+01
    0.25336E+01    0.68120E+01
    0.25848E+01    0.64261E+01
    0.26370E+01    0.60600E+01
    0.26903E+01    0.57132E+01
    0.27447E+01    0.53851E+01
    0.28001E+01    0.50751E+01
    0.28567E+01    0.47826E+01
    0.29144E+01    0.45070E+01
    0.29733E+01    0.42475E+01
    0.30333E+01    0.40034E+01
    0.30946E+01    0.37741E+01
    0.31571E+01    0.35588E+01
    0.32209E+01    0.33569E+01
    0.32860E+01    0.31677E+01
    0.33523E+01    0.29905E+01
    0.34201E+01    0.28243E+01
    0.34892E+01    0.26684E+01
    0.35596E+01    0.25219E+01
    0.36316E+01    0.23841E+01
    0.37049E+01    0.22543E+01
    0.37798E+01    0.21320E+01
    0.38561E+01    0.20167E+01
    0.39340E+01    0.19077E+01
    0.40135E+01    0.18048E+01
    0.40946E+01    0.17074E+01
    0.41773E+01    0.16152E+01
    0.42617E+01    0.15278E+01
    0.43478E+01    0.14450E+01
    0.44356E+01    0.13665E+01
    0.45252E+01    0.12919E+01
    0.46166E+01    0.12211E+01
    0.47099E+01    0.11538E+01
    0.48050E+01    0.10900E+01
    0.49021E+01    0.10294E+01
    0.50011E+01    0.97202E+00
    0.51021E+01    0.91760E+00
    0.52052E+01    0.86606E+00
    0.53104E+01    0.81726E+00
    0.54176E+01    0.77109E+00
    0.55271E+01    0.72742E+00
    0.56387E+01    0.68614E+00
    0.57526E+01    0.64713E+00
    0.58689E+01    0.61028E+00
    0.59874E+01    0.57549E+00
    0.61084E+01    0.54265E+00
    0.62318E+01    0.51166E+00
    0.63577E+01    0.48243E+00
