  0.104606E-04  0.199302E+08  0.199302E+08  0.265597E+08  0.265593E+08  0.199326E+08  0.199302E+08  0.525990E+00  0.199302E+08
  0.115507E-04  0.199302E+08  0.199302E+08  0.265567E+08  0.265562E+08  0.199326E+08  0.199302E+08  0.525990E+00  0.199302E+08
  0.127542E-04  0.199302E+08  0.199302E+08  0.265530E+08  0.265524E+08  0.199326E+08  0.199302E+08  0.525990E+00  0.199302E+08
  0.140832E-04  0.199302E+08  0.199302E+08  0.265484E+08  0.265478E+08  0.199326E+08  0.199302E+08  0.525990E+00  0.199302E+08
  0.155507E-04  0.199301E+08  0.199301E+08  0.265429E+08  0.265421E+08  0.199326E+08  0.199301E+08  0.525990E+00  0.199302E+08
  0.171711E-04  0.199301E+08  0.199301E+08  0.265362E+08  0.265352E+08  0.199325E+08  0.199301E+08  0.525990E+00  0.199301E+08
  0.189604E-04  0.199301E+08  0.199301E+08  0.265280E+08  0.265268E+08  0.199325E+08  0.199301E+08  0.525990E+00  0.199301E+08
  0.209361E-04  0.199301E+08  0.199301E+08  0.265180E+08  0.265165E+08  0.199324E+08  0.199301E+08  0.525990E+00  0.199301E+08
  0.231176E-04  0.199301E+08  0.199301E+08  0.265058E+08  0.265040E+08  0.199324E+08  0.199301E+08  0.525990E+00  0.199301E+08
  0.255265E-04  0.199300E+08  0.199300E+08  0.264910E+08  0.264888E+08  0.199323E+08  0.199300E+08  0.525990E+00  0.199301E+08
  0.281864E-04  0.199300E+08  0.199300E+08  0.264729E+08  0.264702E+08  0.199322E+08  0.199300E+08  0.525990E+00  0.199300E+08
  0.311235E-04  0.199300E+08  0.199300E+08  0.264509E+08  0.264476E+08  0.199321E+08  0.199300E+08  0.525989E+00  0.199300E+08
  0.343666E-04  0.199299E+08  0.199299E+08  0.264240E+08  0.264200E+08  0.199320E+08  0.199299E+08  0.525989E+00  0.199299E+08
  0.379476E-04  0.199299E+08  0.199299E+08  0.263913E+08  0.263865E+08  0.199318E+08  0.199299E+08  0.525989E+00  0.199299E+08
  0.419018E-04  0.199298E+08  0.199298E+08  0.263515E+08  0.263456E+08  0.199316E+08  0.199298E+08  0.525989E+00  0.199298E+08
  0.462680E-04  0.199297E+08  0.199297E+08  0.263031E+08  0.262958E+08  0.199314E+08  0.199297E+08  0.525988E+00  0.199297E+08
  0.510892E-04  0.199296E+08  0.199296E+08  0.262441E+08  0.262353E+08  0.199311E+08  0.199296E+08  0.525988E+00  0.199296E+08
  0.564127E-04  0.199295E+08  0.199294E+08  0.261723E+08  0.261616E+08  0.199307E+08  0.199295E+08  0.525987E+00  0.199295E+08
  0.622910E-04  0.199293E+08  0.199293E+08  0.260851E+08  0.260721E+08  0.199303E+08  0.199293E+08  0.525986E+00  0.199293E+08
  0.687818E-04  0.199291E+08  0.199291E+08  0.259791E+08  0.259633E+08  0.199297E+08  0.199291E+08  0.525985E+00  0.199291E+08
  0.759489E-04  0.199289E+08  0.199288E+08  0.258504E+08  0.258312E+08  0.199291E+08  0.199289E+08  0.525984E+00  0.199288E+08
  0.838629E-04  0.199286E+08  0.199285E+08  0.256942E+08  0.256709E+08  0.199283E+08  0.199286E+08  0.525982E+00  0.199286E+08
  0.926015E-04  0.199282E+08  0.199282E+08  0.255051E+08  0.254768E+08  0.199273E+08  0.199282E+08  0.525981E+00  0.199282E+08
  0.102251E-03  0.199278E+08  0.199277E+08  0.252761E+08  0.252419E+08  0.199261E+08  0.199278E+08  0.525979E+00  0.199277E+08
  0.112905E-03  0.199272E+08  0.199272E+08  0.249996E+08  0.249582E+08  0.199247E+08  0.199272E+08  0.525976E+00  0.199272E+08
  0.124670E-03  0.199266E+08  0.199265E+08  0.246661E+08  0.246162E+08  0.199229E+08  0.199266E+08  0.525973E+00  0.199265E+08
  0.137661E-03  0.199258E+08  0.199257E+08  0.242651E+08  0.242050E+08  0.199208E+08  0.199258E+08  0.525969E+00  0.199257E+08
  0.152005E-03  0.199248E+08  0.199247E+08  0.237844E+08  0.237122E+08  0.199181E+08  0.199248E+08  0.525964E+00  0.199248E+08
  0.167844E-03  0.199236E+08  0.199235E+08  0.232101E+08  0.231237E+08  0.199150E+08  0.199236E+08  0.525959E+00  0.199236E+08
  0.185334E-03  0.199222E+08  0.199220E+08  0.225272E+08  0.224243E+08  0.199111E+08  0.199222E+08  0.525952E+00  0.199221E+08
  0.204646E-03  0.199205E+08  0.199203E+08  0.217199E+08  0.215978E+08  0.199064E+08  0.199205E+08  0.525944E+00  0.199204E+08
  0.225970E-03  0.199184E+08  0.199181E+08  0.207718E+08  0.206280E+08  0.199006E+08  0.199184E+08  0.525935E+00  0.199183E+08
  0.249517E-03  0.199158E+08  0.199155E+08  0.196679E+08  0.194999E+08  0.198937E+08  0.199158E+08  0.525924E+00  0.199157E+08
  0.275516E-03  0.199128E+08  0.199124E+08  0.183960E+08  0.182014E+08  0.198852E+08  0.199128E+08  0.525911E+00  0.199126E+08
  0.304226E-03  0.199090E+08  0.199086E+08  0.169493E+08  0.167267E+08  0.198749E+08  0.199090E+08  0.525896E+00  0.199088E+08
  0.335926E-03  0.199045E+08  0.199040E+08  0.153301E+08  0.150791E+08  0.198625E+08  0.199045E+08  0.525878E+00  0.199042E+08
  0.370930E-03  0.198991E+08  0.198984E+08  0.135539E+08  0.132758E+08  0.198474E+08  0.198991E+08  0.525858E+00  0.198988E+08
  0.409581E-03  0.198925E+08  0.198917E+08  0.116538E+08  0.113526E+08  0.198291E+08  0.198925E+08  0.525836E+00  0.198921E+08
  0.452260E-03  0.198847E+08  0.198837E+08  0.968473E+07  0.936755E+07  0.198070E+08  0.198847E+08  0.525811E+00  0.198842E+08
  0.499386E-03  0.198753E+08  0.198742E+08  0.772536E+07  0.740296E+07  0.197803E+08  0.198753E+08  0.525784E+00  0.198747E+08
  0.551423E-03  0.198640E+08  0.198627E+08  0.587502E+07  0.556176E+07  0.197482E+08  0.198640E+08  0.525756E+00  0.198634E+08
  0.608882E-03  0.198507E+08  0.198492E+08  0.424346E+07  0.395628E+07  0.197096E+08  0.198507E+08  0.525727E+00  0.198499E+08
  0.672328E-03  0.198349E+08  0.198332E+08  0.293074E+07  0.268674E+07  0.196634E+08  0.198349E+08  0.525698E+00  0.198339E+08
  0.742385E-03  0.198163E+08  0.198143E+08  0.199827E+07  0.181095E+07  0.196080E+08  0.198163E+08  0.525671E+00  0.198151E+08
  0.819742E-03  0.197943E+08  0.197921E+08  0.143869E+07  0.131332E+07  0.195421E+08  0.197943E+08  0.525646E+00  0.197929E+08
  0.905160E-03  0.197687E+08  0.197661E+08  0.116077E+07  0.109078E+07  0.194639E+08  0.197687E+08  0.525624E+00  0.197670E+08
  0.999479E-03  0.197387E+08  0.197359E+08  0.101090E+07  0.977922E+06  0.193713E+08  0.197387E+08  0.525604E+00  0.197367E+08
  0.110363E-02  0.197039E+08  0.197009E+08  0.841748E+06  0.821374E+06  0.192623E+08  0.197039E+08  0.525586E+00  0.197016E+08
  0.121862E-02  0.196635E+08  0.196603E+08  0.600908E+06  0.573208E+06  0.191344E+08  0.196635E+08  0.525569E+00  0.196608E+08
  0.134561E-02  0.196169E+08  0.196135E+08  0.363827E+06  0.322274E+06  0.189858E+08  0.196169E+08  0.525552E+00  0.196137E+08
  0.148582E-02  0.195630E+08  0.195596E+08  0.241118E+06  0.192064E+06  0.188145E+08  0.195630E+08  0.525534E+00  0.195593E+08
  0.164064E-02  0.195012E+08  0.194977E+08  0.222919E+06  0.000000E+00  0.186187E+08  0.195012E+08  0.525517E+00  0.194969E+08
  0.181160E-02  0.194303E+08  0.194268E+08  0.180028E+06  0.000000E+00  0.183968E+08  0.194303E+08  0.525498E+00  0.194254E+08
  0.200037E-02  0.193494E+08  0.193459E+08  0.833091E+05  0.000000E+00  0.181477E+08  0.193494E+08  0.525479E+00  0.193437E+08
  0.220881E-02  0.192572E+08  0.192536E+08  0.506645E+05  0.000000E+00  0.178708E+08  0.192572E+08  0.525458E+00  0.192507E+08
  0.243897E-02  0.191525E+08  0.191489E+08  0.607074E+05  0.000000E+00  0.175659E+08  0.191525E+08  0.525437E+00  0.191452E+08
  0.269312E-02  0.190342E+08  0.190305E+08  0.229814E+05  0.000000E+00  0.172331E+08  0.190342E+08  0.525414E+00  0.190260E+08
  0.297374E-02  0.189009E+08  0.188971E+08  0.212038E+05  0.000000E+00  0.168724E+08  0.189009E+08  0.525391E+00  0.188918E+08
  0.328361E-02  0.187514E+08  0.187473E+08  0.936876E+04  0.000000E+00  0.164833E+08  0.187514E+08  0.525367E+00  0.187412E+08
  0.362577E-02  0.185844E+08  0.185800E+08  0.326922E+04  0.000000E+00  0.160650E+08  0.185844E+08  0.525342E+00  0.185730E+08
  0.400357E-02  0.183984E+08  0.183938E+08 -0.538742E+04  0.000000E+00  0.156162E+08  0.183984E+08  0.525316E+00  0.183860E+08
  0.442075E-02  0.181923E+08  0.181874E+08  0.154377E+04  0.000000E+00  0.151358E+08  0.181923E+08  0.525288E+00  0.181786E+08
  0.488140E-02  0.179646E+08  0.179593E+08 -0.103567E+04  0.000000E+00  0.146250E+08  0.179646E+08  0.525260E+00  0.179497E+08
  0.539005E-02  0.177141E+08  0.177082E+08 -0.390534E+04  0.000000E+00  0.140833E+08  0.177141E+08  0.525230E+00  0.176978E+08
  0.595169E-02  0.174397E+08  0.174332E+08 -0.242459E+04  0.000000E+00  0.134843E+08  0.174397E+08  0.525196E+00  0.174219E+08
  0.657187E-02  0.171392E+08  0.171320E+08 -0.269600E+04  0.000000E+00  0.128665E+08  0.171392E+08  0.525162E+00  0.171200E+08
  0.725666E-02  0.168116E+08  0.168035E+08 -0.231023E+04  0.000000E+00  0.122167E+08  0.168116E+08  0.525125E+00  0.167909E+08
  0.801281E-02  0.164556E+08  0.164465E+08 -0.283050E+04  0.000000E+00  0.115447E+08  0.164556E+08  0.525088E+00  0.164334E+08
  0.884776E-02  0.160698E+08  0.160595E+08 -0.231932E+04  0.000000E+00  0.108574E+08  0.160698E+08  0.525049E+00  0.160462E+08
  0.976970E-02  0.156530E+08  0.156412E+08 -0.162038E+04  0.000000E+00  0.101531E+08  0.156530E+08  0.525010E+00  0.156279E+08
  0.107877E-01  0.152039E+08  0.151904E+08 -0.177413E+04  0.000000E+00  0.943335E+07  0.152039E+08  0.524969E+00  0.151774E+08
  0.119118E-01  0.147212E+08  0.147057E+08 -0.148210E+04  0.000000E+00  0.870555E+07  0.147212E+08  0.524928E+00  0.146933E+08
  0.131530E-01  0.142036E+08  0.141858E+08 -0.109145E+04  0.000000E+00  0.797854E+07  0.142036E+08  0.524886E+00  0.141745E+08
  0.145236E-01  0.136504E+08  0.136300E+08 -0.104331E+04  0.000000E+00  0.725530E+07  0.136504E+08  0.524844E+00  0.136201E+08
  0.160370E-01  0.130609E+08  0.130375E+08 -0.870220E+03  0.000000E+00  0.654108E+07  0.130609E+08  0.524802E+00  0.130297E+08
  0.177080E-01  0.124489E+08  0.124221E+08 -0.619783E+03  0.000000E+00  0.585145E+07  0.124489E+08  0.524761E+00  0.124168E+08
  0.195532E-01  0.117910E+08  0.117607E+08 -0.562649E+03  0.000000E+00  0.517914E+07  0.117910E+08  0.524720E+00  0.117583E+08
  0.215907E-01  0.111010E+08  0.110670E+08 -0.322407E+03  0.000000E+00  0.453738E+07  0.111010E+08  0.524680E+00  0.110679E+08
  0.238405E-01  0.103735E+08  0.103358E+08 -0.329024E+03  0.000000E+00  0.392818E+07  0.103735E+08  0.524641E+00  0.103403E+08
  0.263247E-01  0.963374E+07  0.959248E+07 -0.244808E+03  0.000000E+00  0.336513E+07  0.963374E+07  0.524604E+00  0.960076E+07
  0.290677E-01  0.889014E+07  0.884593E+07 -0.171254E+03  0.000000E+00  0.285200E+07  0.889014E+07  0.524568E+00  0.885766E+07
  0.320966E-01  0.814600E+07  0.809980E+07 -0.150879E+03  0.000000E+00  0.238945E+07  0.814600E+07  0.524534E+00  0.811440E+07
  0.354411E-01  0.742090E+07  0.737410E+07 -0.965947E+02  0.000000E+00  0.198158E+07  0.742090E+07  0.524502E+00  0.739055E+07
  0.391341E-01  0.674021E+07  0.669462E+07 -0.790706E+02  0.000000E+00  0.163133E+07  0.674021E+07  0.524471E+00  0.671145E+07
  0.432119E-01  0.612021E+07  0.607789E+07 -0.795707E+02  0.000000E+00  0.133686E+07  0.612021E+07  0.524443E+00  0.609334E+07
  0.475331E-01  0.559227E+07  0.555501E+07  0.000000E+00  0.000000E+00  0.110239E+07  0.559227E+07  0.524418E+00  0.556744E+07
  0.518543E-01  0.517681E+07  0.514542E+07  0.000000E+00  0.000000E+00  0.926121E+06  0.517681E+07  0.524396E+00  0.515391E+07
  0.561755E-01  0.483919E+07  0.481364E+07  0.000000E+00  0.000000E+00  0.789601E+06  0.483919E+07  0.524378E+00  0.481805E+07
  0.604967E-01  0.455329E+07  0.453284E+07  0.000000E+00  0.000000E+00  0.680672E+06  0.455329E+07  0.524362E+00  0.453370E+07
  0.648179E-01  0.429838E+07  0.428182E+07  0.000000E+00  0.000000E+00  0.591074E+06  0.429838E+07  0.524349E+00  0.428010E+07
  0.691391E-01  0.405748E+07  0.404337E+07  0.000000E+00  0.000000E+00  0.515125E+06  0.405748E+07  0.524337E+00  0.404028E+07
  0.734603E-01  0.382017E+07  0.380710E+07  0.000000E+00  0.000000E+00  0.449252E+06  0.382017E+07  0.524326E+00  0.380386E+07
  0.777815E-01  0.358810E+07  0.357494E+07  0.000000E+00  0.000000E+00  0.392055E+06  0.358810E+07  0.524317E+00  0.357252E+07
  0.821027E-01  0.335657E+07  0.334256E+07  0.000000E+00  0.000000E+00  0.385948E+06  0.335657E+07  0.524324E+00  0.334181E+07
  0.864239E-01  0.313410E+07  0.311893E+07  0.000000E+00  0.000000E+00  0.338187E+06  0.313410E+07  0.524316E+00  0.311990E+07
  0.907451E-01  0.292602E+07  0.290981E+07  0.000000E+00  0.000000E+00  0.296952E+06  0.292602E+07  0.524309E+00  0.291236E+07
  0.971971E-01  0.265231E+07  0.263541E+07  0.000000E+00  0.000000E+00  0.246557E+06  0.265231E+07  0.524300E+00  0.263948E+07
  0.103649E+00  0.243374E+07  0.241759E+07  0.000000E+00  0.000000E+00  0.208103E+06  0.243374E+07  0.524292E+00  0.242180E+07
  0.110101E+00  0.227070E+07  0.225653E+07  0.000000E+00  0.000000E+00  0.179282E+06  0.227070E+07  0.524284E+00  0.225963E+07
  0.116553E+00  0.214723E+07  0.213563E+07  0.000000E+00  0.000000E+00  0.157084E+06  0.214723E+07  0.524278E+00  0.213699E+07
  0.123005E+00  0.204237E+07  0.203315E+07  0.000000E+00  0.000000E+00  0.138871E+06  0.204237E+07  0.524272E+00  0.203288E+07
  0.129457E+00  0.194107E+07  0.193345E+07  0.000000E+00  0.000000E+00  0.123015E+06  0.194107E+07  0.524267E+00  0.193218E+07
  0.135909E+00  0.183475E+07  0.182775E+07  0.000000E+00  0.000000E+00  0.108653E+06  0.183475E+07  0.524263E+00  0.182635E+07
  0.142361E+00  0.172123E+07  0.171403E+07  0.000000E+00  0.000000E+00  0.954717E+05  0.172123E+07  0.524259E+00  0.171322E+07
  0.148813E+00  0.160611E+07  0.159832E+07  0.000000E+00  0.000000E+00  0.836256E+05  0.160611E+07  0.524255E+00  0.159845E+07
  0.155266E+00  0.149874E+07  0.149041E+07  0.000000E+00  0.000000E+00  0.734048E+05  0.149874E+07  0.524252E+00  0.149141E+07
  0.161718E+00  0.140616E+07  0.139768E+07  0.000000E+00  0.000000E+00  0.649129E+05  0.140616E+07  0.524249E+00  0.139916E+07
  0.168170E+00  0.133076E+07  0.132266E+07  0.000000E+00  0.000000E+00  0.580118E+05  0.133076E+07  0.524246E+00  0.132410E+07
  0.174622E+00  0.127113E+07  0.126383E+07  0.000000E+00  0.000000E+00  0.524206E+05  0.127113E+07  0.524244E+00  0.126483E+07
  0.181074E+00  0.122278E+07  0.121645E+07  0.000000E+00  0.000000E+00  0.477823E+05  0.122278E+07  0.524242E+00  0.121682E+07
  0.187526E+00  0.117933E+07  0.117387E+07  0.000000E+00  0.000000E+00  0.437341E+05  0.117933E+07  0.524239E+00  0.117367E+07
  0.193978E+00  0.113521E+07  0.113033E+07  0.000000E+00  0.000000E+00  0.400064E+05  0.113521E+07  0.524238E+00  0.112981E+07
  0.200430E+00  0.108776E+07  0.108311E+07  0.000000E+00  0.000000E+00  0.364774E+05  0.108776E+07  0.524236E+00  0.108259E+07
  0.206882E+00  0.103749E+07  0.103280E+07  0.000000E+00  0.000000E+00  0.331471E+05  0.103749E+07  0.524234E+00  0.103251E+07
  0.213334E+00  0.986928E+06  0.982064E+06  0.000000E+00  0.000000E+00  0.300770E+05  0.986928E+06  0.524233E+00  0.982117E+06
  0.219786E+00  0.939200E+06  0.934190E+06  0.000000E+00  0.000000E+00  0.273334E+05  0.939200E+06  0.524231E+00  0.934557E+06
  0.226238E+00  0.896760E+06  0.891750E+06  0.000000E+00  0.000000E+00  0.249507E+05  0.896760E+06  0.524230E+00  0.892286E+06
  0.232690E+00  0.860695E+06  0.855866E+06  0.000000E+00  0.000000E+00  0.229189E+05  0.860695E+06  0.524229E+00  0.856394E+06
  0.239142E+00  0.830493E+06  0.825990E+06  0.000000E+00  0.000000E+00  0.211866E+05  0.830493E+06  0.524227E+00  0.826364E+06
  0.245594E+00  0.804305E+06  0.800188E+06  0.000000E+00  0.000000E+00  0.196765E+05  0.804305E+06  0.524226E+00  0.800340E+06
  0.252046E+00  0.779886E+06  0.776124E+06  0.000000E+00  0.000000E+00  0.183126E+05  0.779886E+06  0.524225E+00  0.776075E+06
  0.258498E+00  0.755546E+06  0.752039E+06  0.000000E+00  0.000000E+00  0.170427E+05  0.755546E+06  0.524224E+00  0.751872E+06
  0.264950E+00  0.730386E+06  0.727014E+06  0.000000E+00  0.000000E+00  0.158393E+05  0.730386E+06  0.524224E+00  0.726834E+06
  0.271402E+00  0.704339E+06  0.701000E+06  0.000000E+00  0.000000E+00  0.146962E+05  0.704339E+06  0.524223E+00  0.700898E+06
  0.277854E+00  0.678229E+06  0.674874E+06  0.000000E+00  0.000000E+00  0.136259E+05  0.678229E+06  0.524222E+00  0.674892E+06
  0.284306E+00  0.653303E+06  0.649935E+06  0.000000E+00  0.000000E+00  0.126468E+05  0.653303E+06  0.524221E+00  0.650065E+06
  0.290758E+00  0.630467E+06  0.627131E+06  0.000000E+00  0.000000E+00  0.117684E+05  0.630467E+06  0.524221E+00  0.627326E+06
  0.297210E+00  0.610058E+06  0.606816E+06  0.000000E+00  0.000000E+00  0.109879E+05  0.610058E+06  0.524220E+00  0.607016E+06
  0.303663E+00  0.591945E+06  0.588848E+06  0.000000E+00  0.000000E+00  0.102944E+05  0.591945E+06  0.524219E+00  0.588999E+06
  0.310115E+00  0.575564E+06  0.572636E+06  0.000000E+00  0.000000E+00  0.967084E+04  0.575564E+06  0.524219E+00  0.572711E+06
  0.316567E+00  0.560128E+06  0.557360E+06  0.000000E+00  0.000000E+00  0.909852E+04  0.560128E+06  0.524218E+00  0.557363E+06
  0.323019E+00  0.544988E+06  0.542348E+06  0.000000E+00  0.000000E+00  0.856309E+04  0.544988E+06  0.524218E+00  0.542305E+06
  0.329471E+00  0.529798E+06  0.527244E+06  0.000000E+00  0.000000E+00  0.805660E+04  0.529798E+06  0.524217E+00  0.527190E+06
  0.335923E+00  0.514519E+06  0.512013E+06  0.000000E+00  0.000000E+00  0.757652E+04  0.514519E+06  0.524217E+00  0.511981E+06
  0.342375E+00  0.499381E+06  0.496903E+06  0.000000E+00  0.000000E+00  0.712446E+04  0.499381E+06  0.524216E+00  0.496910E+06
  0.348827E+00  0.484756E+06  0.482301E+06  0.000000E+00  0.000000E+00  0.670366E+04  0.484756E+06  0.524216E+00  0.482348E+06
  0.355279E+00  0.470968E+06  0.468551E+06  0.000000E+00  0.000000E+00  0.631632E+04  0.470968E+06  0.524215E+00  0.468624E+06
  0.361731E+00  0.458198E+06  0.455837E+06  0.000000E+00  0.000000E+00  0.596234E+04  0.458198E+06  0.524215E+00  0.455914E+06
  0.368183E+00  0.446425E+06  0.444138E+06  0.000000E+00  0.000000E+00  0.563905E+04  0.446425E+06  0.524215E+00  0.444202E+06
  0.374635E+00  0.435455E+06  0.433251E+06  0.000000E+00  0.000000E+00  0.534182E+04  0.435455E+06  0.524214E+00  0.433290E+06
  0.381087E+00  0.425023E+06  0.422900E+06  0.000000E+00  0.000000E+00  0.506563E+04  0.425023E+06  0.524214E+00  0.422913E+06
  0.387539E+00  0.414899E+06  0.412847E+06  0.000000E+00  0.000000E+00  0.480638E+04  0.414899E+06  0.524213E+00  0.412842E+06
  0.393991E+00  0.404932E+06  0.402937E+06  0.000000E+00  0.000000E+00  0.456128E+04  0.404932E+06  0.524213E+00  0.402925E+06
  0.400443E+00  0.395083E+06  0.393130E+06  0.000000E+00  0.000000E+00  0.432904E+04  0.395083E+06  0.524213E+00  0.393124E+06
  0.406895E+00  0.385409E+06  0.383490E+06  0.000000E+00  0.000000E+00  0.410947E+04  0.385409E+06  0.524213E+00  0.383496E+06
  0.413347E+00  0.376018E+06  0.374129E+06  0.000000E+00  0.000000E+00  0.390296E+04  0.376018E+06  0.524212E+00  0.374148E+06
  0.419799E+00  0.367014E+06  0.365158E+06  0.000000E+00  0.000000E+00  0.370977E+04  0.367014E+06  0.524212E+00  0.365186E+06
  0.426251E+00  0.358468E+06  0.356649E+06  0.000000E+00  0.000000E+00  0.352978E+04  0.358468E+06  0.524212E+00  0.356681E+06
  0.432703E+00  0.350387E+06  0.348612E+06  0.000000E+00  0.000000E+00  0.336224E+04  0.350387E+06  0.524211E+00  0.348640E+06
  0.439155E+00  0.342714E+06  0.340986E+06  0.000000E+00  0.000000E+00  0.320583E+04  0.342714E+06  0.524211E+00  0.341006E+06
  0.445608E+00  0.335363E+06  0.333682E+06  0.000000E+00  0.000000E+00  0.305909E+04  0.335363E+06  0.524211E+00  0.333693E+06
  0.452060E+00  0.328250E+06  0.326612E+06  0.000000E+00  0.000000E+00  0.292071E+04  0.328250E+06  0.524211E+00  0.326617E+06
  0.458512E+00  0.321309E+06  0.319710E+06  0.000000E+00  0.000000E+00  0.278962E+04  0.321309E+06  0.524211E+00  0.319711E+06
  0.464964E+00  0.314511E+06  0.312945E+06  0.000000E+00  0.000000E+00  0.266517E+04  0.314511E+06  0.524210E+00  0.312946E+06
  0.471416E+00  0.307867E+06  0.306330E+06  0.000000E+00  0.000000E+00  0.254710E+04  0.307867E+06  0.524210E+00  0.306334E+06
  0.477868E+00  0.301407E+06  0.299897E+06  0.000000E+00  0.000000E+00  0.243530E+04  0.301407E+06  0.524210E+00  0.299906E+06
  0.484320E+00  0.295157E+06  0.293673E+06  0.000000E+00  0.000000E+00  0.232965E+04  0.295157E+06  0.524210E+00  0.293685E+06
  0.490772E+00  0.289137E+06  0.287682E+06  0.000000E+00  0.000000E+00  0.222996E+04  0.289137E+06  0.524210E+00  0.287695E+06
  0.497224E+00  0.283359E+06  0.281933E+06  0.000000E+00  0.000000E+00  0.213600E+04  0.283359E+06  0.524209E+00  0.281946E+06
  0.503676E+00  0.277808E+06  0.276412E+06  0.000000E+00  0.000000E+00  0.204737E+04  0.277808E+06  0.524209E+00  0.276423E+06
  0.510128E+00  0.272452E+06  0.271085E+06  0.000000E+00  0.000000E+00  0.196352E+04  0.272452E+06  0.524209E+00  0.271093E+06
  0.516580E+00  0.267259E+06  0.265921E+06  0.000000E+00  0.000000E+00  0.188400E+04  0.267259E+06  0.524209E+00  0.265927E+06
  0.523032E+00  0.262208E+06  0.260897E+06  0.000000E+00  0.000000E+00  0.180842E+04  0.262208E+06  0.524209E+00  0.260901E+06
  0.620348E+00  0.200776E+06  0.199770E+06  0.000000E+00  0.000000E+00  0.102206E+04  0.200776E+06  0.524207E+00  0.199773E+06
  0.865765E+00  0.117937E+06  0.117346E+06  0.000000E+00  0.000000E+00  0.326573E+03  0.117937E+06  0.524205E+00  0.117347E+06
  0.120827E+01  0.683861E+05  0.680436E+05  0.000000E+00  0.000000E+00  0.101232E+03  0.683861E+05  0.524204E+00  0.680435E+05
  0.168628E+01  0.392187E+05  0.390221E+05  0.000000E+00  0.000000E+00  0.306210E+02  0.392187E+05  0.524203E+00  0.390221E+05
  0.235339E+01  0.222789E+05  0.221670E+05  0.000000E+00  0.000000E+00  0.908477E+01  0.222789E+05  0.524202E+00  0.221672E+05
  0.328442E+01  0.125526E+05  0.124894E+05  0.000000E+00  0.000000E+00  0.265525E+01  0.125526E+05  0.524201E+00  0.124896E+05
  0.458378E+01  0.702231E+04  0.698664E+04  0.000000E+00  0.000000E+00  0.767206E+00  0.702231E+04  0.524199E+00  0.698701E+04
  0.639719E+01  0.390409E+04  0.388397E+04  0.000000E+00  0.000000E+00  0.219723E+00  0.390409E+04  0.524196E+00  0.388442E+04
