    0.10000E-03    0.42185E+03
    0.10202E-03    0.43007E+03
    0.10408E-03    0.43844E+03
    0.10618E-03    0.44698E+03
    0.10833E-03    0.45569E+03
    0.11052E-03    0.46456E+03
    0.11275E-03    0.47361E+03
    0.11503E-03    0.48283E+03
    0.11735E-03    0.49223E+03
    0.11972E-03    0.50182E+03
    0.12214E-03    0.51159E+03
    0.12461E-03    0.52155E+03
    0.12712E-03    0.53170E+03
    0.12969E-03    0.54205E+03
    0.13231E-03    0.55261E+03
    0.13499E-03    0.56337E+03
    0.13771E-03    0.57433E+03
    0.14049E-03    0.58551E+03
    0.14333E-03    0.59691E+03
    0.14623E-03    0.60853E+03
    0.14918E-03    0.62038E+03
    0.15220E-03    0.63245E+03
    0.15527E-03    0.64476E+03
    0.15841E-03    0.65731E+03
    0.16161E-03    0.67010E+03
    0.16487E-03    0.68314E+03
    0.16820E-03    0.69643E+03
    0.17160E-03    0.70999E+03
    0.17507E-03    0.72380E+03
    0.17860E-03    0.73788E+03
    0.18221E-03    0.75224E+03
    0.18589E-03    0.76687E+03
    0.18965E-03    0.78179E+03
    0.19348E-03    0.79700E+03
    0.19739E-03    0.81250E+03
    0.20138E-03    0.82830E+03
    0.20544E-03    0.84441E+03
    0.20959E-03    0.86083E+03
    0.21383E-03    0.87756E+03
    0.21815E-03    0.89462E+03
    0.22255E-03    0.91202E+03
    0.22705E-03    0.92974E+03
    0.23164E-03    0.94781E+03
    0.23632E-03    0.96623E+03
    0.24109E-03    0.98501E+03
    0.24596E-03    0.10042E+04
    0.25093E-03    0.10237E+04
    0.25600E-03    0.10435E+04
    0.26117E-03    0.10638E+04
    0.26645E-03    0.10845E+04
    0.27183E-03    0.11055E+04
    0.27732E-03    0.11270E+04
    0.28292E-03    0.11489E+04
    0.28864E-03    0.11712E+04
    0.29447E-03    0.11939E+04
    0.30042E-03    0.12171E+04
    0.30649E-03    0.12407E+04
    0.31268E-03    0.12648E+04
    0.31899E-03    0.12893E+04
    0.32544E-03    0.13143E+04
    0.33201E-03    0.13398E+04
    0.33872E-03    0.13657E+04
    0.34556E-03    0.13922E+04
    0.35254E-03    0.14192E+04
    0.35966E-03    0.14467E+04
    0.36693E-03    0.14747E+04
    0.37434E-03    0.15032E+04
    0.38190E-03    0.15323E+04
    0.38962E-03    0.15620E+04
    0.39749E-03    0.15922E+04
    0.40552E-03    0.16230E+04
    0.41371E-03    0.16544E+04
    0.42207E-03    0.16864E+04
    0.43060E-03    0.17190E+04
    0.43929E-03    0.17522E+04
    0.44817E-03    0.17860E+04
    0.45722E-03    0.18205E+04
    0.46646E-03    0.18556E+04
    0.47588E-03    0.18914E+04
    0.48550E-03    0.19279E+04
    0.49530E-03    0.19651E+04
    0.50531E-03    0.20030E+04
    0.51552E-03    0.20416E+04
    0.52593E-03    0.20809E+04
    0.53656E-03    0.21209E+04
    0.54739E-03    0.21617E+04
    0.55845E-03    0.22033E+04
    0.56973E-03    0.22457E+04
    0.58124E-03    0.22888E+04
    0.59299E-03    0.23328E+04
    0.60496E-03    0.23775E+04
    0.61719E-03    0.24231E+04
    0.62965E-03    0.24696E+04
    0.64237E-03    0.25169E+04
    0.65535E-03    0.25651E+04
    0.66859E-03    0.26142E+04
    0.68210E-03    0.26642E+04
    0.69588E-03    0.27151E+04
    0.70993E-03    0.27670E+04
    0.72427E-03    0.28198E+04
    0.73891E-03    0.28736E+04
    0.75383E-03    0.29284E+04
    0.76906E-03    0.29842E+04
    0.78460E-03    0.30410E+04
    0.80045E-03    0.30988E+04
    0.81662E-03    0.31577E+04
    0.83311E-03    0.32177E+04
    0.84994E-03    0.32787E+04
    0.86711E-03    0.33409E+04
    0.88463E-03    0.34041E+04
    0.90250E-03    0.34685E+04
    0.92073E-03    0.35341E+04
    0.93933E-03    0.36008E+04
    0.95831E-03    0.36688E+04
    0.97767E-03    0.37379E+04
    0.99742E-03    0.38083E+04
    0.10176E-02    0.38799E+04
    0.10381E-02    0.39528E+04
    0.10591E-02    0.40269E+04
    0.10805E-02    0.41024E+04
    0.11023E-02    0.41792E+04
    0.11246E-02    0.42573E+04
    0.11473E-02    0.43368E+04
    0.11705E-02    0.44176E+04
    0.11941E-02    0.44999E+04
    0.12182E-02    0.45835E+04
    0.12429E-02    0.46686E+04
    0.12680E-02    0.47552E+04
    0.12936E-02    0.48432E+04
    0.13197E-02    0.49327E+04
    0.13464E-02    0.50237E+04
    0.13736E-02    0.51162E+04
    0.14013E-02    0.52103E+04
    0.14296E-02    0.53060E+04
    0.14585E-02    0.54032E+04
    0.14880E-02    0.55020E+04
    0.15180E-02    0.56024E+04
    0.15487E-02    0.57045E+04
    0.15800E-02    0.58082E+04
    0.16119E-02    0.59136E+04
    0.16445E-02    0.60207E+04
    0.16777E-02    0.61294E+04
    0.17116E-02    0.62399E+04
    0.17462E-02    0.63522E+04
    0.17814E-02    0.64661E+04
    0.18174E-02    0.65819E+04
    0.18541E-02    0.66994E+04
    0.18916E-02    0.68187E+04
    0.19298E-02    0.69398E+04
    0.19688E-02    0.70628E+04
    0.20086E-02    0.71875E+04
    0.20491E-02    0.73141E+04
    0.20905E-02    0.74426E+04
    0.21328E-02    0.75730E+04
    0.21758E-02    0.77052E+04
    0.22198E-02    0.78393E+04
    0.22646E-02    0.79753E+04
    0.23104E-02    0.81132E+04
    0.23571E-02    0.82530E+04
    0.24047E-02    0.83947E+04
    0.24533E-02    0.85384E+04
    0.25028E-02    0.86840E+04
    0.25534E-02    0.88315E+04
    0.26050E-02    0.89810E+04
    0.26576E-02    0.91324E+04
    0.27113E-02    0.92857E+04
    0.27660E-02    0.94409E+04
    0.28219E-02    0.95981E+04
    0.28789E-02    0.97572E+04
    0.29371E-02    0.99183E+04
    0.29964E-02    0.10081E+05
    0.30569E-02    0.10246E+05
    0.31187E-02    0.10413E+05
    0.31817E-02    0.10582E+05
    0.32460E-02    0.10752E+05
    0.33115E-02    0.10924E+05
    0.33784E-02    0.11099E+05
    0.34467E-02    0.11275E+05
    0.35163E-02    0.11453E+05
    0.35874E-02    0.11632E+05
    0.36598E-02    0.11814E+05
    0.37338E-02    0.11997E+05
    0.38092E-02    0.12182E+05
    0.38861E-02    0.12369E+05
    0.39646E-02    0.12557E+05
    0.40447E-02    0.12747E+05
    0.41264E-02    0.12938E+05
    0.42098E-02    0.13131E+05
    0.42948E-02    0.13326E+05
    0.43816E-02    0.13522E+05
    0.44701E-02    0.13719E+05
    0.45604E-02    0.13918E+05
    0.46525E-02    0.14118E+05
    0.47465E-02    0.14319E+05
    0.48424E-02    0.14522E+05
    0.49402E-02    0.14726E+05
    0.50400E-02    0.14930E+05
    0.51419E-02    0.15136E+05
    0.52457E-02    0.15343E+05
    0.53517E-02    0.15550E+05
    0.54598E-02    0.15759E+05
    0.55701E-02    0.15968E+05
    0.56826E-02    0.16178E+05
    0.57974E-02    0.16388E+05
    0.59145E-02    0.16599E+05
    0.60340E-02    0.16810E+05
    0.61559E-02    0.17021E+05
    0.62803E-02    0.17233E+05
    0.64072E-02    0.17444E+05
    0.65366E-02    0.17655E+05
    0.66686E-02    0.17866E+05
    0.68033E-02    0.18077E+05
    0.69408E-02    0.18287E+05
    0.70810E-02    0.18497E+05
    0.72240E-02    0.18706E+05
    0.73700E-02    0.18914E+05
    0.75189E-02    0.19121E+05
    0.76708E-02    0.19327E+05
    0.78257E-02    0.19532E+05
    0.79838E-02    0.19735E+05
    0.81451E-02    0.19937E+05
    0.83096E-02    0.20137E+05
    0.84775E-02    0.20335E+05
    0.86488E-02    0.20530E+05
    0.88235E-02    0.20724E+05
    0.90017E-02    0.20914E+05
    0.91836E-02    0.21103E+05
    0.93691E-02    0.21288E+05
    0.95583E-02    0.21470E+05
    0.97514E-02    0.21649E+05
    0.99484E-02    0.21824E+05
    0.10149E-01    0.21996E+05
    0.10354E-01    0.22163E+05
    0.10564E-01    0.22327E+05
    0.10777E-01    0.22486E+05
    0.10995E-01    0.22640E+05
    0.11217E-01    0.22790E+05
    0.11443E-01    0.22934E+05
    0.11675E-01    0.23073E+05
    0.11910E-01    0.23206E+05
    0.12151E-01    0.23334E+05
    0.12397E-01    0.23455E+05
    0.12647E-01    0.23570E+05
    0.12902E-01    0.23678E+05
    0.13163E-01    0.23779E+05
    0.13429E-01    0.23874E+05
    0.13700E-01    0.23961E+05
    0.13977E-01    0.24040E+05
    0.14259E-01    0.24111E+05
    0.14547E-01    0.24172E+05
    0.14841E-01    0.24224E+05
    0.15141E-01    0.24267E+05
    0.15447E-01    0.24302E+05
    0.15759E-01    0.24330E+05
    0.16077E-01    0.24352E+05
    0.16402E-01    0.24369E+05
    0.16734E-01    0.24377E+05
    0.17072E-01    0.24377E+05
    0.17416E-01    0.24365E+05
    0.17768E-01    0.24340E+05
    0.18127E-01    0.24301E+05
    0.18493E-01    0.24248E+05
    0.18867E-01    0.24183E+05
    0.19248E-01    0.24106E+05
    0.19637E-01    0.24019E+05
    0.20034E-01    0.23922E+05
    0.20438E-01    0.23814E+05
    0.20851E-01    0.23694E+05
    0.21272E-01    0.23560E+05
    0.21702E-01    0.23412E+05
    0.22141E-01    0.23250E+05
    0.22588E-01    0.23074E+05
    0.23044E-01    0.22885E+05
    0.23510E-01    0.22686E+05
    0.23985E-01    0.22478E+05
    0.24469E-01    0.22261E+05
    0.24964E-01    0.22036E+05
    0.25468E-01    0.21802E+05
    0.25982E-01    0.21561E+05
    0.26507E-01    0.21312E+05
    0.27043E-01    0.21054E+05
    0.27589E-01    0.20789E+05
    0.28146E-01    0.20515E+05
    0.28715E-01    0.20234E+05
    0.29295E-01    0.19944E+05
    0.29887E-01    0.19647E+05
    0.30490E-01    0.19343E+05
    0.31106E-01    0.19033E+05
    0.31735E-01    0.18718E+05
    0.32376E-01    0.18398E+05
    0.33030E-01    0.18076E+05
    0.33697E-01    0.17751E+05
    0.34378E-01    0.17426E+05
    0.35072E-01    0.17102E+05
    0.35781E-01    0.16779E+05
    0.36504E-01    0.16459E+05
    0.37241E-01    0.16142E+05
    0.37993E-01    0.15830E+05
    0.38761E-01    0.15522E+05
    0.39544E-01    0.15219E+05
    0.40343E-01    0.14922E+05
    0.41158E-01    0.14632E+05
    0.41989E-01    0.14348E+05
    0.42838E-01    0.14071E+05
    0.43703E-01    0.13801E+05
    0.44586E-01    0.13539E+05
    0.45486E-01    0.13286E+05
    0.46405E-01    0.13043E+05
    0.47343E-01    0.12812E+05
    0.48299E-01    0.12592E+05
    0.49275E-01    0.12384E+05
    0.50270E-01    0.12187E+05
    0.51286E-01    0.11999E+05
    0.52322E-01    0.11820E+05
    0.53379E-01    0.11648E+05
    0.54457E-01    0.11482E+05
    0.55557E-01    0.11323E+05
    0.56680E-01    0.11169E+05
    0.57825E-01    0.11018E+05
    0.58993E-01    0.10871E+05
    0.60184E-01    0.10725E+05
    0.61400E-01    0.10579E+05
    0.62641E-01    0.10433E+05
    0.63906E-01    0.10285E+05
    0.65197E-01    0.10134E+05
    0.66514E-01    0.99783E+04
    0.67858E-01    0.98166E+04
    0.69229E-01    0.96467E+04
    0.70627E-01    0.94673E+04
    0.72054E-01    0.92789E+04
    0.73510E-01    0.90823E+04
    0.74994E-01    0.88778E+04
    0.76509E-01    0.86637E+04
    0.78055E-01    0.84378E+04
    0.79632E-01    0.81998E+04
    0.81241E-01    0.79529E+04
    0.82882E-01    0.77005E+04
    0.84556E-01    0.74453E+04
    0.86264E-01    0.71890E+04
    0.88007E-01    0.69332E+04
    0.89785E-01    0.66802E+04
    0.91598E-01    0.64321E+04
    0.93449E-01    0.61913E+04
    0.95337E-01    0.59605E+04
    0.97263E-01    0.57419E+04
    0.99227E-01    0.55375E+04
    0.10123E+00    0.53489E+04
    0.10328E+00    0.51775E+04
    0.10536E+00    0.50241E+04
    0.10749E+00    0.48882E+04
    0.10966E+00    0.47683E+04
    0.11188E+00    0.46633E+04
    0.11414E+00    0.45703E+04
    0.11644E+00    0.44859E+04
    0.11880E+00    0.44071E+04
    0.12120E+00    0.43306E+04
    0.12365E+00    0.42532E+04
    0.12614E+00    0.41722E+04
    0.12869E+00    0.40853E+04
    0.13129E+00    0.39904E+04
    0.13394E+00    0.38859E+04
    0.13665E+00    0.37708E+04
    0.13941E+00    0.36450E+04
    0.14223E+00    0.35103E+04
    0.14510E+00    0.33689E+04
    0.14803E+00    0.32244E+04
    0.15102E+00    0.30809E+04
    0.15407E+00    0.29421E+04
    0.15718E+00    0.28115E+04
    0.16036E+00    0.26916E+04
    0.16360E+00    0.25843E+04
    0.16690E+00    0.24903E+04
    0.17028E+00    0.24094E+04
    0.17371E+00    0.23406E+04
    0.17722E+00    0.22820E+04
    0.18080E+00    0.22306E+04
    0.18446E+00    0.21827E+04
    0.18818E+00    0.21344E+04
    0.19198E+00    0.20824E+04
    0.19586E+00    0.20240E+04
    0.19982E+00    0.19582E+04
    0.20386E+00    0.18852E+04
    0.20797E+00    0.18070E+04
    0.21218E+00    0.17264E+04
    0.21646E+00    0.16467E+04
    0.22083E+00    0.15710E+04
    0.22530E+00    0.15020E+04
    0.22985E+00    0.14412E+04
    0.23449E+00    0.13890E+04
    0.23923E+00    0.13445E+04
    0.24406E+00    0.13059E+04
    0.24899E+00    0.12700E+04
    0.25402E+00    0.12341E+04
    0.25915E+00    0.11960E+04
    0.26439E+00    0.11546E+04
    0.26973E+00    0.11097E+04
    0.27518E+00    0.10624E+04
    0.28074E+00    0.10148E+04
    0.28641E+00    0.96936E+03
    0.29219E+00    0.92801E+03
    0.29810E+00    0.89138E+03
    0.30412E+00    0.85920E+03
    0.31026E+00    0.83036E+03
    0.31653E+00    0.80310E+03
    0.32292E+00    0.77574E+03
    0.32945E+00    0.74722E+03
    0.33610E+00    0.71736E+03
    0.34289E+00    0.68692E+03
    0.34982E+00    0.65712E+03
    0.35689E+00    0.62912E+03
    0.36409E+00    0.60361E+03
    0.37145E+00    0.58057E+03
    0.37895E+00    0.55917E+03
    0.38661E+00    0.53844E+03
    0.39442E+00    0.51771E+03
    0.40239E+00    0.49672E+03
    0.41052E+00    0.47580E+03
    0.41881E+00    0.45559E+03
    0.42727E+00    0.43659E+03
    0.43590E+00    0.41896E+03
    0.44471E+00    0.40244E+03
    0.45369E+00    0.38655E+03
    0.46286E+00    0.37092E+03
    0.47221E+00    0.35551E+03
    0.48174E+00    0.34050E+03
    0.49148E+00    0.32615E+03
    0.50141E+00    0.31262E+03
    0.51153E+00    0.29979E+03
    0.52187E+00    0.28747E+03
    0.53241E+00    0.27554E+03
    0.54317E+00    0.26403E+03
    0.55414E+00    0.25294E+03
    0.56533E+00    0.24226E+03
    0.57675E+00    0.23199E+03
    0.58840E+00    0.22211E+03
    0.60029E+00    0.21262E+03
    0.61242E+00    0.20352E+03
    0.62479E+00    0.19478E+03
    0.63741E+00    0.18641E+03
    0.65029E+00    0.17839E+03
    0.66342E+00    0.17070E+03
    0.67683E+00    0.16334E+03
    0.69050E+00    0.15627E+03
    0.70445E+00    0.14950E+03
    0.71868E+00    0.14302E+03
    0.73320E+00    0.13680E+03
    0.74801E+00    0.13084E+03
    0.76312E+00    0.12513E+03
    0.77854E+00    0.11966E+03
    0.79426E+00    0.11442E+03
    0.81031E+00    0.10940E+03
    0.82668E+00    0.10458E+03
    0.84338E+00    0.99972E+02
    0.86041E+00    0.95555E+02
    0.87780E+00    0.91324E+02
    0.89553E+00    0.87270E+02
    0.91362E+00    0.83388E+02
    0.93208E+00    0.79671E+02
    0.95091E+00    0.76112E+02
    0.97011E+00    0.72705E+02
    0.98971E+00    0.69444E+02
    0.10097E+01    0.66323E+02
    0.10301E+01    0.63336E+02
    0.10509E+01    0.60479E+02
    0.10721E+01    0.57745E+02
    0.10938E+01    0.55130E+02
    0.11159E+01    0.52629E+02
    0.11384E+01    0.50238E+02
    0.11614E+01    0.47951E+02
    0.11849E+01    0.45764E+02
    0.12088E+01    0.43674E+02
    0.12333E+01    0.41677E+02
    0.12582E+01    0.39767E+02
    0.12836E+01    0.37942E+02
    0.13095E+01    0.36198E+02
    0.13360E+01    0.34532E+02
    0.13630E+01    0.32940E+02
    0.13905E+01    0.31419E+02
    0.14186E+01    0.29967E+02
    0.14472E+01    0.28579E+02
    0.14765E+01    0.27253E+02
    0.15063E+01    0.25988E+02
    0.15367E+01    0.24779E+02
    0.15678E+01    0.23624E+02
    0.15994E+01    0.22522E+02
    0.16318E+01    0.21470E+02
    0.16647E+01    0.20466E+02
    0.16984E+01    0.19507E+02
    0.17327E+01    0.18592E+02
    0.17677E+01    0.17718E+02
    0.18034E+01    0.16885E+02
    0.18398E+01    0.16089E+02
    0.18770E+01    0.15330E+02
    0.19149E+01    0.14606E+02
    0.19536E+01    0.13915E+02
    0.19930E+01    0.13256E+02
    0.20333E+01    0.12628E+02
    0.20744E+01    0.12028E+02
    0.21163E+01    0.11456E+02
    0.21590E+01    0.10911E+02
    0.22026E+01    0.10391E+02
    0.22471E+01    0.98951E+01
    0.22925E+01    0.94224E+01
    0.23388E+01    0.89717E+01
    0.23861E+01    0.85421E+01
    0.24343E+01    0.81326E+01
    0.24835E+01    0.77423E+01
    0.25336E+01    0.73702E+01
    0.25848E+01    0.70157E+01
    0.26370E+01    0.66778E+01
    0.26903E+01    0.63559E+01
    0.27447E+01    0.60491E+01
    0.28001E+01    0.57568E+01
    0.28567E+01    0.54783E+01
    0.29144E+01    0.52131E+01
    0.29733E+01    0.49604E+01
    0.30333E+01    0.47197E+01
    0.30946E+01    0.44904E+01
    0.31571E+01    0.42721E+01
    0.32209E+01    0.40641E+01
    0.32860E+01    0.38661E+01
    0.33523E+01    0.36775E+01
    0.34201E+01    0.34980E+01
    0.34892E+01    0.33270E+01
    0.35596E+01    0.31643E+01
    0.36316E+01    0.30093E+01
    0.37049E+01    0.28619E+01
    0.37798E+01    0.27215E+01
    0.38561E+01    0.25878E+01
    0.39340E+01    0.24606E+01
    0.40135E+01    0.23396E+01
    0.40946E+01    0.22244E+01
    0.41773E+01    0.21147E+01
    0.42617E+01    0.20104E+01
    0.43478E+01    0.19112E+01
    0.44356E+01    0.18167E+01
    0.45252E+01    0.17269E+01
    0.46166E+01    0.16414E+01
    0.47099E+01    0.15600E+01
    0.48050E+01    0.14827E+01
    0.49021E+01    0.14091E+01
    0.50011E+01    0.13391E+01
    0.51021E+01    0.12725E+01
    0.52052E+01    0.12092E+01
    0.53104E+01    0.11490E+01
    0.54176E+01    0.10917E+01
    0.55271E+01    0.10373E+01
    0.56387E+01    0.98552E+00
    0.57526E+01    0.93629E+00
    0.58689E+01    0.88948E+00
    0.59874E+01    0.84498E+00
    0.61084E+01    0.80267E+00
    0.62318E+01    0.76245E+00
    0.63577E+01    0.72421E+00
    0.64861E+01    0.68787E+00
    0.66171E+01    0.65332E+00
    0.67508E+01    0.62049E+00
    0.68872E+01    0.58928E+00
    0.70263E+01    0.55962E+00
    0.71682E+01    0.53143E+00
    0.73130E+01    0.50464E+00
    0.74608E+01    0.47919E+00
    0.76115E+01    0.45500E+00
    0.77653E+01    0.43202E+00
    0.79221E+01    0.41018E+00
    0.80822E+01    0.38943E+00
    0.82454E+01    0.36972E+00
    0.84120E+01    0.35100E+00
    0.85819E+01    0.33321E+00
    0.87553E+01    0.31631E+00
    0.89322E+01    0.30025E+00
    0.91126E+01    0.28501E+00
    0.92967E+01    0.27052E+00
    0.94845E+01    0.25677E+00
    0.96761E+01    0.24370E+00
    0.98716E+01    0.23129E+00
    0.10071E+02    0.21951E+00
    0.10274E+02    0.20832E+00
    0.10482E+02    0.19769E+00
    0.10694E+02    0.18760E+00
    0.10910E+02    0.17802E+00
    0.11130E+02    0.16892E+00
    0.11355E+02    0.16028E+00
    0.11584E+02    0.15208E+00
    0.11818E+02    0.14430E+00
    0.12057E+02    0.13690E+00
    0.12301E+02    0.12989E+00
    0.12549E+02    0.12322E+00
    0.12803E+02    0.11690E+00
    0.13061E+02    0.11090E+00
    0.13325E+02    0.10520E+00
    0.13594E+02    0.99791E-01
    0.13869E+02    0.94658E-01
    0.14149E+02    0.89786E-01
    0.14435E+02    0.85162E-01
    0.14727E+02    0.80774E-01
    0.15024E+02    0.76610E-01
    0.15328E+02    0.72658E-01
    0.15637E+02    0.68908E-01
    0.15953E+02    0.65350E-01
    0.16275E+02    0.61973E-01
    0.16604E+02    0.58770E-01
    0.16940E+02    0.55730E-01
    0.17282E+02    0.52846E-01
    0.17631E+02    0.50110E-01
    0.17987E+02    0.47514E-01
    0.18351E+02    0.45051E-01
    0.18721E+02    0.42715E-01
    0.19099E+02    0.40499E-01
    0.19485E+02    0.38396E-01
    0.19879E+02    0.36402E-01
    0.20280E+02    0.34510E-01
    0.20690E+02    0.32716E-01
    0.21108E+02    0.31014E-01
    0.21535E+02    0.29400E-01
    0.21970E+02    0.27869E-01
    0.22413E+02    0.26417E-01
    0.22866E+02    0.25040E-01
    0.23328E+02    0.23734E-01
    0.23799E+02    0.22496E-01
    0.24280E+02    0.21322E-01
    0.24771E+02    0.20208E-01
    0.25271E+02    0.19152E-01
    0.25782E+02    0.18151E-01
    0.26302E+02    0.17201E-01
    0.26834E+02    0.16301E-01
    0.27376E+02    0.15448E-01
    0.27929E+02    0.14638E-01
    0.28493E+02    0.13871E-01
    0.29069E+02    0.13144E-01
    0.29656E+02    0.12454E-01
    0.30255E+02    0.11801E-01
    0.30866E+02    0.11181E-01
    0.31490E+02    0.10593E-01
    0.32126E+02    0.10037E-01
    0.32775E+02    0.95087E-02
    0.33437E+02    0.90084E-02
    0.34112E+02    0.85341E-02
    0.34801E+02    0.80846E-02
    0.35504E+02    0.76586E-02
    0.36222E+02    0.72548E-02
    0.36953E+02    0.68721E-02
    0.37700E+02    0.65095E-02
    0.38462E+02    0.61657E-02
    0.39239E+02    0.58400E-02
    0.40031E+02    0.55313E-02
    0.40840E+02    0.52388E-02
    0.41665E+02    0.49616E-02
    0.42507E+02    0.46990E-02
    0.43365E+02    0.44501E-02
    0.44241E+02    0.42143E-02
    0.45135E+02    0.39908E-02
    0.46047E+02    0.37791E-02
    0.46977E+02    0.35785E-02
    0.47926E+02    0.33885E-02
    0.48894E+02    0.32084E-02
    0.49882E+02    0.30379E-02
    0.50890E+02    0.28763E-02
    0.51918E+02    0.27232E-02
    0.52966E+02    0.25782E-02
    0.54036E+02    0.24408E-02
    0.55128E+02    0.23106E-02
    0.56242E+02    0.21874E-02
    0.57378E+02    0.20706E-02
    0.58537E+02    0.19600E-02
    0.59720E+02    0.18552E-02
    0.60926E+02    0.17560E-02
    0.62157E+02    0.16620E-02
    0.63412E+02    0.15730E-02
    0.64693E+02    0.14887E-02
    0.66000E+02    0.14088E-02
    0.67334E+02    0.13332E-02
    0.68694E+02    0.12616E-02
    0.70082E+02    0.11938E-02
    0.71497E+02    0.11295E-02
    0.72942E+02    0.10687E-02
    0.74415E+02    0.10112E-02
    0.75918E+02    0.95665E-03
    0.77452E+02    0.90503E-03
    0.79017E+02    0.85616E-03
    0.80613E+02    0.80990E-03
    0.82241E+02    0.76610E-03
    0.83903E+02    0.72464E-03
    0.85598E+02    0.68539E-03
    0.87327E+02    0.64824E-03
    0.89091E+02    0.61307E-03
    0.90891E+02    0.57978E-03
    0.92727E+02    0.54828E-03
    0.94600E+02    0.51846E-03
    0.96511E+02    0.49024E-03
    0.98461E+02    0.46352E-03
    0.10045E+03    0.43823E-03
    0.10248E+03    0.41430E-03
    0.10455E+03    0.39164E-03
    0.10666E+03    0.37019E-03
    0.10882E+03    0.34988E-03
    0.11101E+03    0.33066E-03
    0.11326E+03    0.31247E-03
    0.11554E+03    0.29524E-03
    0.11788E+03    0.27894E-03
    0.12026E+03    0.26350E-03
    0.12269E+03    0.24889E-03
    0.12517E+03    0.23506E-03
    0.12770E+03    0.22197E-03
    0.13028E+03    0.20958E-03
    0.13291E+03    0.19786E-03
    0.13559E+03    0.18677E-03
    0.13833E+03    0.17628E-03
    0.14113E+03    0.16636E-03
    0.14398E+03    0.15698E-03
    0.14689E+03    0.14811E-03
    0.14985E+03    0.13973E-03
    0.15288E+03    0.13181E-03
    0.15597E+03    0.12433E-03
    0.15912E+03    0.11727E-03
    0.16233E+03    0.11059E-03
    0.16561E+03    0.10429E-03
    0.16896E+03    0.98345E-04
    0.17237E+03    0.92730E-04
    0.17585E+03    0.87430E-04
    0.17941E+03    0.82429E-04
    0.18303E+03    0.77710E-04
    0.18673E+03    0.73253E-04
    0.19050E+03    0.69040E-04
    0.19435E+03    0.65055E-04
    0.19828E+03    0.61283E-04
    0.20228E+03    0.57711E-04
    0.20637E+03    0.54325E-04
    0.21054E+03    0.51115E-04
    0.21479E+03    0.48071E-04
    0.21913E+03    0.45182E-04
    0.22356E+03    0.42441E-04
    0.22807E+03    0.39839E-04
    0.23268E+03    0.37369E-04
    0.23738E+03    0.35024E-04
    0.24217E+03    0.32799E-04
    0.24707E+03    0.30688E-04
    0.25206E+03    0.28685E-04
    0.25715E+03    0.26787E-04
    0.26234E+03    0.24994E-04
    0.26764E+03    0.23303E-04
    0.27305E+03    0.21714E-04
    0.27857E+03    0.20222E-04
    0.28419E+03    0.18825E-04
    0.28994E+03    0.17519E-04
    0.29579E+03    0.16301E-04
    0.30177E+03    0.15166E-04
    0.30786E+03    0.14110E-04
    0.31408E+03    0.13130E-04
    0.32043E+03    0.12221E-04
    0.32690E+03    0.11378E-04
    0.33351E+03    0.10599E-04
    0.34024E+03    0.98785E-05
    0.34712E+03    0.92132E-05
    0.35413E+03    0.85989E-05
    0.36128E+03    0.80276E-05
    0.36858E+03    0.74902E-05
    0.37603E+03    0.69795E-05
    0.38362E+03    0.64901E-05
    0.39137E+03    0.60176E-05
    0.39928E+03    0.55591E-05
    0.40734E+03    0.51128E-05
    0.41557E+03    0.46779E-05
    0.42397E+03    0.42543E-05
    0.43253E+03    0.38429E-05
    0.44127E+03    0.34452E-05
    0.45019E+03    0.30629E-05
    0.45928E+03    0.26984E-05
    0.46856E+03    0.23537E-05
    0.47802E+03    0.20313E-05
    0.48768E+03    0.17331E-05
    0.49753E+03    0.14610E-05
    0.50758E+03    0.12177E-05
    0.51784E+03    0.10041E-05
    0.52830E+03    0.81980E-06
    0.53897E+03    0.66315E-06
    0.54986E+03    0.53190E-06
    0.56097E+03    0.42333E-06
    0.57230E+03    0.33455E-06
    0.58386E+03    0.26274E-06
    0.59565E+03    0.20519E-06
    0.60769E+03    0.15947E-06
    0.61996E+03    0.12344E-06
    0.63249E+03    0.95221E-07
    0.64526E+03    0.73261E-07
    0.65830E+03    0.56259E-07
    0.67160E+03    0.43151E-07
